# this data file was made with generate_cvs.tcl
# Chains E,F,G,H are on residues 50-69 of chains A through D (present only in the C8 cage models!)
# Chains I,J,K,L are on residues 10-29 of chains A through D (present in both C4 and C8 cage models)
# this script generates CV's for the shotgun simulation restarts
# [frame, distance along z cordinate of protein (0 is center), distance protein is away from the center of the top of the cage in the plane]
0,57.704595,8.998587
1,57.665107,8.958323
2,57.978506,8.470110
3,58.031953,8.119215
4,57.728244,7.841794
5,57.653795,7.846907
6,57.699200,7.429266
7,57.597881,7.494649
8,57.455660,7.697367
9,56.811549,7.779453
10,56.751831,7.928182
11,56.657241,7.819501
12,56.264562,7.980230
13,56.238324,8.103367
14,55.571566,8.179699
15,54.880651,8.213562
16,54.508439,7.982956
17,53.878868,8.381024
18,54.032012,8.698645
19,54.113006,9.436795
20,53.655093,9.830106
21,53.093097,10.067066
22,52.639149,10.515020
23,52.559852,10.615053
24,52.196589,10.633077
25,52.288467,10.238857
26,51.926211,10.376630
27,51.779629,10.508042
28,51.616156,10.639599
29,51.490716,11.059486
30,51.807466,11.135231
31,51.676983,11.087333
32,51.677358,10.930254
33,52.373361,10.908658
34,52.449526,10.642248
35,52.067458,10.616113
36,52.327970,9.943007
37,52.647870,9.849855
38,52.637810,9.651571
39,52.637467,10.162820
40,53.018603,10.019754
41,53.200452,10.408882
42,53.374219,10.808319
43,53.764060,10.895127
44,53.734334,10.634377
45,53.719381,10.527989
46,53.857162,10.270848
47,53.569534,10.299477
48,53.424716,9.677442
49,52.887435,9.730961
50,52.800427,9.381026
51,52.516088,9.204287
52,52.769070,9.041557
53,52.563037,9.147396
54,52.415319,9.325174
55,52.905639,9.431184
56,53.081390,9.465508
57,52.650327,9.318080
58,52.915022,9.367712
59,52.883539,9.181187
60,52.646613,9.243464
61,53.179829,9.353005
62,53.122084,9.600253
63,52.994815,9.174582
64,53.118759,9.217152
65,52.847435,9.726027
66,52.756562,9.120042
67,52.719722,9.290158
68,52.749200,9.123481
69,52.620381,8.884904
70,52.245754,8.776599
71,51.934686,8.580217
72,52.094677,9.328614
73,52.225548,9.325092
74,52.248788,9.601462
75,52.372870,9.330176
76,52.678338,8.880229
77,53.093849,8.346055
78,53.476295,8.360922
79,53.927044,8.273295
80,54.541013,8.620928
81,54.738161,8.486720
82,55.023584,7.812254
83,55.320778,8.411830
84,55.481722,8.086898
85,55.329443,7.635551
86,55.393576,7.671098
87,56.192152,7.906296
88,56.455138,7.760783
89,56.109012,7.644708
90,55.911498,7.436874
91,55.789566,7.496653
92,55.772429,7.123030
93,55.744921,6.882951
94,55.589010,6.975224
95,55.645901,7.033769
96,55.625532,7.249211
97,55.832611,7.913010
98,55.705642,8.025507
99,55.592810,8.540720
100,56.208074,8.960362
101,56.405105,8.895156
102,56.402427,9.716414
103,56.308069,9.889379
104,55.852249,9.862521
105,55.933154,9.266220
106,55.922670,9.566098
107,56.037731,9.399043
108,56.060241,9.629877
109,55.879602,9.686046
110,55.685688,10.289304
111,55.956898,10.480774
112,55.430435,10.674087
113,55.149840,10.658671
114,55.256230,10.345712
115,55.487300,10.275583
116,55.840579,10.107949
117,55.957004,10.557083
118,56.113408,10.606725
119,56.418523,11.010078
120,56.231585,11.192735
121,56.225485,10.993667
122,56.559563,11.073925
123,56.916014,11.212428
124,56.872213,11.287839
125,57.111157,11.656290
126,57.559496,11.614295
127,57.592965,11.778832
128,57.869159,11.670493
129,57.734072,11.845410
130,57.773337,11.857762
131,57.936723,11.520632
132,58.138809,11.056486
133,57.792960,10.998569
134,57.555008,10.504635
135,57.451494,10.311393
136,57.615190,9.852177
137,57.402794,9.478500
138,57.054670,9.552729
139,56.877644,9.793222
140,56.820478,9.424975
141,56.840818,9.300815
142,56.280860,9.021748
143,56.369947,9.378368
144,56.534709,9.310012
145,56.850780,9.423630
146,56.818499,9.537857
147,57.166198,9.192463
148,57.032490,9.057571
149,56.800531,9.499403
150,56.910843,9.435994
151,57.192848,9.220558
152,57.151609,9.377957
153,57.240488,9.388271
154,57.485137,9.259069
155,57.194514,8.754621
156,56.886162,8.451502
157,57.088574,8.705866
158,57.501287,8.687234
159,57.405894,8.621475
160,57.413873,8.693818
161,57.204233,8.655901
162,57.262240,8.788795
163,57.144576,9.071707
164,57.740954,9.791199
165,57.634295,10.748002
166,57.428953,11.123778
167,57.420267,11.164401
168,57.870837,11.376881
169,57.909810,11.301828
170,58.200012,11.417570
171,58.179730,11.404399
172,58.479974,11.045099
173,58.400051,11.230181
174,58.324656,10.853085
175,58.165546,10.666123
176,58.027948,10.444462
177,58.206401,10.581379
178,58.419064,10.211774
179,58.427431,11.042887
180,58.546774,11.202878
181,58.863284,11.206921
182,58.670514,11.273267
183,58.536209,11.285475
184,58.648642,10.934864
185,58.432666,10.309674
186,58.617422,9.929217
187,58.990514,9.504725
188,58.871227,9.335514
189,58.939241,8.876748
190,58.752135,9.225718
191,58.368613,8.783836
192,57.907205,9.330798
193,57.452385,9.465059
194,57.403509,9.225734
195,57.149252,9.608303
196,56.679378,9.766430
197,56.622990,9.604816
198,56.040018,9.116697
199,55.950261,8.673990
200,55.331102,8.644152
201,55.082691,8.751643
202,55.160090,8.886416
203,55.113708,9.119289
204,54.581726,9.144067
205,55.056179,9.343428
206,55.497257,8.909338
207,55.104818,9.204030
208,54.901278,9.067217
209,54.788494,8.460229
210,55.150529,8.917688
211,55.138242,8.653039
212,55.681739,7.896321
213,55.884953,8.145250
214,56.290214,8.521422
215,56.298923,8.843614
216,56.391273,8.242093
217,56.600110,8.143353
218,57.016135,8.722438
219,57.069213,8.643604
220,57.313660,8.830449
221,57.989010,8.957905
222,58.249194,8.751731
223,58.967250,8.881178
224,58.858493,8.765299
225,59.087477,8.891880
226,58.665189,8.370488
227,58.519056,7.970060
228,58.778272,7.914735
229,58.510899,8.213387
230,58.354486,8.230567
231,58.006290,8.888581
232,57.411472,9.059145
233,57.784643,9.639178
234,57.584970,9.755768
235,57.159618,10.044793
236,57.335625,10.248580
237,56.853771,10.642533
238,56.972959,10.604122
239,56.980123,10.232153
240,57.081780,10.378627
241,57.038477,9.736052
242,56.905631,9.429322
243,56.694892,9.239039
244,57.092679,9.157290
245,56.815487,9.350387
246,56.612664,9.581080
247,56.481251,9.513388
248,56.518146,10.107450
249,56.774264,10.536092
250,56.947379,10.064069
251,56.891522,10.283501
252,57.157292,9.922123
253,57.316643,9.996345
254,57.264869,9.890690
255,57.182215,10.018037
256,57.294419,10.213294
257,57.015693,9.770324
258,56.544735,9.282524
259,56.257953,9.677408
260,56.404981,9.446948
261,55.849898,9.721165
262,55.966731,9.794731
263,56.096861,9.746419
264,56.048137,9.793505
265,55.908280,9.772576
266,55.884778,9.993450
267,55.935096,10.880244
268,56.188875,11.355889
269,56.134598,11.783870
270,55.440834,11.705660
271,54.734970,11.031257
272,54.432673,10.773745
273,53.727965,10.998733
274,53.674887,10.477825
275,53.446141,9.793140
276,53.472411,9.937861
277,53.577013,10.041187
278,53.604729,10.111354
279,53.873425,9.722470
280,53.946760,9.416129
281,54.038107,10.312606
282,53.974517,10.511423
283,53.796239,10.472643
284,53.592562,10.832723
285,53.223401,10.546769
286,53.134856,10.291476
287,53.259698,9.987134
288,52.959342,10.251794
289,53.112862,10.652463
290,53.000511,10.274927
291,53.229012,10.218401
292,52.949059,10.281851
293,52.976858,10.221990
294,52.977004,9.746483
295,52.992523,9.676984
296,52.984476,9.810044
297,52.588668,9.850513
298,52.545281,9.375733
299,52.085999,8.780302
300,51.951700,8.830363
301,51.431259,8.990608
302,51.166903,8.976242
303,51.296051,8.564334
304,51.735142,8.833110
305,51.882246,8.775787
306,52.170545,8.685546
307,51.957900,8.718327
308,52.313317,8.433252
309,52.161030,8.270048
310,51.973143,8.749341
311,51.793990,8.816388
312,51.461150,8.869551
313,51.406501,8.764016
314,51.482565,8.581609
315,51.657290,8.143252
316,50.773546,8.269744
317,50.988794,8.330563
318,51.291434,8.536835
319,51.182955,8.230264
320,51.204800,8.566518
321,51.468984,8.553784
322,51.348630,8.716013
323,51.120758,8.800832
324,51.032342,8.954024
325,51.241657,8.987739
326,51.147234,8.920449
327,51.342785,8.965440
328,51.403730,9.284356
329,51.335230,9.453915
330,51.007396,9.365756
331,50.581439,8.608751
332,50.387059,8.603422
333,50.101917,8.671869
334,50.024422,8.604943
335,50.518432,8.732075
336,50.584013,9.022294
337,50.267310,8.840811
338,50.378062,9.630219
339,50.360398,9.483277
340,50.694173,9.280902
341,51.117601,9.283825
342,50.891458,9.289572
343,50.446238,9.597697
344,50.215325,9.609482
345,50.170532,9.915321
346,50.059456,10.070292
347,50.197386,10.436374
348,50.344788,9.907999
349,50.867405,10.222460
350,50.749755,10.160031
351,50.807453,10.080346
352,51.032305,9.957262
353,51.157118,10.067574
354,51.357499,10.446162
355,51.256224,10.466490
356,51.092585,10.215679
357,51.073664,10.791453
358,51.206367,10.776317
359,50.986217,10.322362
360,51.675941,9.862049
361,51.865608,9.763621
362,51.972547,9.517603
363,51.757868,9.889891
364,51.566584,10.180543
365,51.662072,10.145862
366,51.762581,10.091655
367,51.564752,9.975382
368,51.668272,10.376751
369,51.767950,10.192921
370,51.935064,10.105931
371,51.958135,9.990110
372,51.996199,10.001217
373,52.387224,9.882756
374,52.327034,9.739687
375,52.295740,9.798509
376,51.748410,9.785904
377,51.832205,9.621206
378,52.407825,9.196185
379,52.589792,9.437105
380,53.200233,9.179042
381,53.516658,9.361614
382,54.125274,9.631296
383,54.587286,9.475424
384,54.653155,9.518338
385,54.288707,9.209768
386,54.062374,9.030761
387,53.858938,8.599348
388,53.511648,8.364170
389,53.412305,8.060787
390,53.838901,7.890689
391,53.497126,8.265829
392,53.613871,8.550086
393,53.424788,8.752853
394,53.228663,8.826570
395,53.211927,8.614889
396,53.262941,8.655506
397,53.753754,8.694330
398,53.887637,8.765922
399,54.197813,8.871711
400,54.197748,8.957006
401,54.114737,9.207407
402,54.141093,9.234614
403,54.349500,9.437077
404,54.168656,9.598655
405,53.958957,9.522913
406,53.693852,10.048719
407,53.167278,9.202359
408,53.302754,9.086333
409,52.553600,8.939888
410,53.151536,9.147557
411,53.178158,9.029574
412,52.934374,8.971221
413,52.804244,8.852206
414,52.740443,8.485928
415,53.098139,8.534703
416,53.106512,8.600025
417,53.246602,8.714992
418,53.339328,8.760100
419,53.353784,9.263068
420,53.567500,9.486929
421,53.354552,10.024895
422,53.558660,10.248140
423,53.462124,10.043174
424,53.149019,9.963209
425,53.588906,10.354857
426,53.462559,10.603392
427,53.786183,10.593819
428,53.823870,10.200387
429,53.808022,10.314753
430,54.095577,10.362088
431,54.262776,10.698530
432,54.467602,10.229142
433,54.400932,9.892855
434,55.171020,9.907828
435,55.433103,10.510101
436,55.112733,11.213235
437,55.134837,10.844208
438,55.654550,10.552420
439,55.558433,10.052755
440,55.182471,10.172818
441,54.996172,10.346161
442,54.478027,10.785385
443,54.697647,11.283224
444,54.245735,11.658052
445,54.205079,11.269706
446,53.801461,11.274444
447,53.890612,11.113934
448,53.746390,10.764276
449,54.068333,10.905568
450,54.176909,11.366288
451,53.850165,11.591400
452,53.798478,11.334631
453,53.802498,11.265477
454,54.395492,11.196289
455,54.405041,10.453879
456,54.512914,10.494051
457,54.273960,10.707792
458,54.315287,10.414622
459,54.270690,10.050352
460,54.296773,9.944780
461,54.152667,10.497523
462,54.543098,10.543558
463,54.176660,10.246802
464,54.159201,10.128054
465,54.079950,10.339944
466,54.296912,9.804189
467,54.295931,10.240789
468,54.605149,10.411102
469,54.800306,10.755533
470,54.862654,10.523766
471,54.749809,10.079841
472,54.665734,9.323188
473,54.202540,9.623410
474,53.713926,10.106411
475,53.509548,10.144333
476,53.777737,10.170263
477,54.053017,9.993570
478,53.741245,10.266139
479,53.526801,10.484823
480,53.916143,10.354376
481,54.218473,9.583838
482,54.602406,9.265537
483,55.001568,9.393088
484,55.151967,9.105277
485,55.276915,8.967390
486,55.056859,8.482455
487,54.621027,8.872388
488,54.885972,8.751587
489,54.408143,8.891587
490,54.500633,8.755090
491,54.625482,9.361995
492,54.997633,9.413919
493,54.913421,9.439857
494,54.682364,9.719480
495,54.897389,10.001380
496,54.855887,10.234374
497,55.133851,10.319971
498,55.225148,9.928674
499,54.801522,10.192144
500,54.834146,10.072301
501,54.882129,9.773891
502,54.449665,9.600311
503,54.395148,9.360866
504,54.844310,9.689440
505,54.589612,10.126098
506,55.194640,9.782480
507,55.209196,9.830617
508,55.308722,9.843753
509,55.711226,10.166451
510,55.591066,10.853445
511,55.610396,10.328084
512,55.517832,10.381322
513,55.573960,10.259179
514,55.576043,10.149265
515,55.338965,9.819373
516,55.006330,9.588888
517,54.780173,9.347942
518,54.668799,9.491807
519,55.023027,8.869806
520,55.556441,8.852236
521,55.880620,8.872349
522,56.147902,8.865397
523,56.191165,8.654332
524,55.757240,9.248063
525,56.058675,9.245580
526,55.805358,9.255908
527,55.987947,8.847960
528,56.122139,8.411241
529,55.477772,8.342597
530,55.259655,8.612360
531,55.282826,8.555514
532,55.017639,9.039119
533,55.404708,8.509324
534,55.704977,8.958660
535,55.424334,8.860505
536,55.031326,8.598241
537,55.493412,8.382358
538,55.170210,8.733079
539,55.297022,9.176984
540,55.157525,9.098933
541,54.858190,8.897359
542,55.409264,8.398855
543,55.481341,8.924095
544,56.070689,9.694002
545,56.279664,9.479508
546,56.430158,9.438388
547,56.945372,9.194923
548,57.143729,8.912462
549,57.688511,8.710011
550,57.524803,8.994286
551,57.038700,8.702250
552,56.791252,8.647805
553,56.468204,8.903014
554,56.034372,8.177223
555,55.780266,8.109107
556,55.268391,7.802836
557,55.105523,7.804959
558,55.271258,7.751643
559,54.751577,7.959970
560,54.711177,7.406566
561,54.503978,7.368993
562,54.333510,7.291505
563,54.639162,7.464202
564,54.906713,8.131904
565,55.371555,8.505547
566,55.570294,8.411501
567,56.085652,7.736972
568,55.879051,7.766663
569,56.075441,7.300062
570,55.400668,7.542799
571,55.585718,7.292158
572,55.847118,6.619493
573,55.970657,6.698620
574,55.926264,6.485428
575,55.674270,5.992533
576,55.800493,6.468407
577,55.795583,6.769848
578,55.652941,7.074781
579,55.715735,6.745825
580,55.344648,6.781269
581,55.112847,6.912375
582,54.922889,7.048967
583,54.807107,7.165677
584,54.248154,7.704766
585,53.475305,8.032167
586,53.060900,7.803231
587,52.828984,7.288953
588,52.988541,7.162849
589,52.850569,6.935016
590,52.794355,6.888883
591,53.019190,6.700578
592,53.013127,6.653265
593,52.741422,6.742586
594,52.786112,6.890438
595,52.411893,7.073862
596,52.662622,7.650470
597,52.587335,8.168878
598,52.343838,8.035416
599,52.649283,7.942977
600,52.660670,8.218806
601,52.388099,8.003430
602,52.091801,7.796507
603,51.817240,7.441932
604,51.873377,7.150054
605,52.158291,7.252548
606,52.309749,6.617079
607,52.266703,6.622726
608,52.415461,6.681865
609,53.321036,6.383150
610,53.272572,6.237088
611,53.168571,5.656575
612,53.422058,5.956615
613,53.323057,5.901851
614,53.484084,5.859942
615,53.786998,5.593506
616,54.030332,5.766094
617,54.142252,5.691609
618,53.876197,5.471268
619,53.615428,5.221864
620,53.839847,5.289160
621,54.220103,5.551947
622,54.442012,5.232610
623,54.147097,5.284365
624,54.501725,5.249017
625,54.624731,5.298444
626,54.443884,4.751881
627,54.352071,4.251704
628,54.484414,3.531172
629,54.422730,3.466683
630,54.296951,3.456662
631,54.219945,3.192305
632,54.696402,3.217237
633,55.037752,3.468799
634,55.317262,3.611957
635,55.535437,4.509627
636,55.536161,4.212149
637,56.389121,4.265132
638,56.476001,4.175142
639,56.655574,4.377488
640,57.006024,4.013115
641,57.092404,3.559610
642,57.198194,3.611739
643,57.023102,3.732084
644,56.461596,3.124571
645,56.153500,3.169337
646,56.029536,3.249423
647,55.943362,3.160953
648,55.517537,3.432478
649,55.294496,3.391558
650,55.231383,2.807707
651,55.491140,2.955327
652,55.177901,3.312435
653,54.750776,3.204239
654,54.760097,3.028968
655,55.023251,2.883157
656,55.217448,3.208748
657,55.447050,3.258983
658,56.074030,3.402072
659,55.693003,2.892757
660,55.753708,3.001144
661,56.121438,3.183704
662,56.340069,3.210023
663,56.474882,3.144748
664,56.289495,3.361401
665,56.232076,3.219146
666,56.217654,3.395813
667,56.514854,3.654744
668,56.112122,4.071848
669,56.241837,4.431438
670,56.152025,4.515680
671,56.113308,4.000799
672,56.281179,4.088855
673,56.503476,4.039620
674,56.583548,4.137849
675,56.415602,3.495172
676,56.449901,3.775940
677,56.346369,3.729687
678,56.776989,4.579398
679,57.532927,4.633461
680,57.940814,5.248981
681,58.174738,5.236495
682,58.180261,5.158079
683,58.275847,5.107586
684,58.057255,4.774313
685,58.209700,4.190663
686,57.911833,3.676523
687,58.101621,3.952453
688,57.910490,4.222672
689,57.705120,4.351113
690,57.399738,5.136023
691,57.727673,5.313389
692,58.310209,4.922393
693,58.364310,4.376250
694,58.388004,3.928683
695,59.117932,4.426500
696,59.233589,4.564393
697,59.159532,4.781427
698,59.345612,4.399239
699,58.547894,4.438555
700,58.356616,4.932093
701,58.499393,5.139218
702,58.718419,5.621251
703,58.975406,5.688999
704,59.738819,5.818767
705,59.858813,5.370725
706,60.453741,4.760809
707,60.716978,4.566666
708,61.065766,4.284604
709,61.141132,4.551527
710,61.088308,5.158981
711,60.909971,5.783567
712,60.701399,5.555461
713,60.513279,5.498339
714,61.081864,4.806669
715,61.182592,4.963129
716,61.166729,5.022776
717,61.124250,5.311743
718,61.005481,5.729634
719,60.906053,5.819673
720,60.848127,5.692887
721,60.605916,5.626311
722,59.940401,5.189471
723,59.393182,4.636637
724,59.456625,4.145716
725,59.565624,3.693795
726,59.479538,3.766710
727,59.777860,3.676098
728,59.814124,2.916530
729,59.541463,2.689831
730,59.978052,2.731141
731,59.717414,2.632068
732,59.758393,2.846913
733,59.490920,2.461010
734,59.899597,2.351368
735,59.709504,2.738345
736,59.238626,3.241071
737,59.292226,3.005020
738,59.527052,3.119554
739,59.994198,3.024650
740,60.370120,3.318531
741,60.452772,3.387077
742,60.127678,3.229280
743,59.242313,3.376066
744,58.808307,4.043508
745,58.485506,4.380849
746,58.546488,4.115068
747,58.348739,4.364640
748,57.950579,3.849649
749,58.054498,3.870662
750,57.952687,4.473293
751,57.352227,4.248971
752,57.133605,3.996734
753,57.312294,3.873082
754,57.535815,4.336088
755,57.483687,4.182107
756,57.709624,4.259767
757,57.884650,3.876305
758,57.900506,3.923842
759,58.157074,3.489449
760,58.314444,3.560261
761,58.244346,4.099392
762,57.801491,3.975660
763,57.933538,4.670169
764,58.301553,5.162551
765,58.373716,5.526559
766,58.507529,5.969767
767,58.619575,5.733190
768,58.224469,5.640687
769,57.753411,5.528704
770,57.660697,5.135406
771,57.091670,4.921885
772,56.486166,5.208867
773,56.643503,5.163856
774,57.062960,4.711156
775,57.219489,4.522496
776,56.928511,4.348436
777,57.243747,3.934565
778,57.055198,4.265790
779,56.929534,4.288827
780,57.225164,4.349310
781,57.416372,3.538773
782,57.493437,3.619421
783,57.006478,3.663627
784,56.649291,3.696908
785,56.515872,4.012960
786,56.348191,4.042896
787,55.944526,3.527537
788,55.826883,3.438307
789,55.512015,3.778136
790,55.509988,4.097540
791,55.054266,4.085882
792,55.425002,3.721954
793,55.431657,3.939877
794,55.482431,4.310806
795,55.379568,4.583539
796,55.366993,4.195792
797,55.192520,4.674240
798,54.748749,4.923519
799,54.076053,5.157559
800,54.083918,5.411590
801,53.749842,4.871101
802,53.761690,4.753477
803,53.808690,5.278430
804,53.593424,5.187170
805,53.787248,4.617584
806,53.619261,4.070804
807,54.243687,3.594848
808,54.817754,3.617704
809,55.146122,3.791594
810,55.439257,3.470577
811,55.601317,3.716805
812,55.781333,3.658099
813,55.806384,3.510771
814,55.900309,3.280845
815,56.096436,3.641969
816,55.712464,3.845891
817,55.932264,4.025898
818,55.581809,4.033144
819,55.584243,3.874529
820,55.206101,3.629534
821,55.589287,3.196299
822,55.603956,3.279096
823,55.666642,3.308313
824,55.712981,3.573501
825,55.825331,3.676583
826,55.660406,4.123898
827,55.524275,4.402343
828,55.763850,3.998187
829,55.238704,4.271564
830,54.978451,3.973394
831,55.433520,4.021734
832,55.748831,3.418616
833,55.785802,3.223254
834,55.895078,3.876745
835,56.033179,3.574011
836,56.199690,3.926056
837,55.996156,4.219233
838,55.686621,4.084477
839,55.562714,4.313199
840,55.281079,4.927600
841,55.266475,4.556867
842,54.955295,4.540101
843,54.955995,4.492446
844,54.778897,4.382719
845,54.387039,4.188356
846,54.173308,4.026571
847,54.337543,3.871189
848,54.683246,3.731079
849,54.994547,3.663181
850,55.013541,3.510189
851,55.017578,3.016801
852,55.084024,2.705231
853,55.145527,2.786288
854,54.871265,2.812382
855,54.899880,2.446425
856,54.324162,2.715299
857,54.154090,2.841819
858,53.889762,2.863761
859,53.803712,2.805044
860,53.627323,2.918817
861,53.871044,3.227657
862,53.689719,3.290380
863,53.665568,3.160271
864,54.119768,2.808558
865,54.488848,3.246495
866,54.601267,3.506862
867,54.945223,3.102113
868,55.286782,3.249140
869,55.485745,3.179779
870,55.503669,3.211555
871,55.750325,2.840475
872,55.744178,3.465020
873,55.699105,3.805895
874,55.855690,3.749693
875,56.013997,3.728568
876,56.252015,3.576529
877,55.889062,4.016499
878,55.756860,4.507960
879,55.567631,4.479762
880,55.644190,4.038911
881,55.727483,4.173323
882,55.677296,4.325861
883,55.689863,4.115809
884,55.514460,4.153453
885,55.929202,4.514369
886,56.465188,4.533012
887,56.599218,4.747774
888,56.203334,5.520343
889,56.271354,5.419950
890,56.179579,5.687822
891,56.574943,5.750466
892,56.650547,5.792765
893,56.460205,6.001277
894,56.222894,6.736346
895,56.420268,6.866722
896,56.430726,6.960331
897,56.174324,6.968450
898,56.552399,6.667230
899,56.361818,6.730573
900,56.106242,6.367553
901,56.475148,6.077374
902,56.721536,6.073225
903,56.384055,6.278799
904,56.233636,6.553338
905,56.078957,6.489885
906,56.087976,6.402564
907,55.888320,6.229903
908,55.652232,6.024750
909,55.030063,5.963392
910,54.684019,6.229935
911,54.516761,5.970363
912,54.791203,5.633843
913,54.996281,5.628825
914,54.876914,5.474941
915,54.572379,5.813402
916,54.661220,6.153742
917,54.927172,6.019506
918,55.066624,6.250832
919,55.489207,6.122839
920,55.286167,5.907272
921,55.525316,6.202230
922,55.460752,6.146318
923,55.414868,5.796588
924,55.165405,5.571034
925,54.910129,5.473605
926,54.787441,4.865816
927,55.090854,5.464762
928,54.737612,5.709350
929,55.036693,5.717211
930,55.373211,5.931570
931,55.761842,6.253799
932,55.835868,6.001229
933,55.562267,5.518553
934,55.437946,5.159458
935,55.594785,5.459309
936,55.756481,5.895567
937,55.907089,5.817761
938,55.523028,5.788860
939,55.983852,5.552915
940,56.034142,5.975134
941,55.541524,5.965966
942,55.831795,5.564588
943,55.893458,5.484026
944,56.216626,5.650700
945,56.349165,6.104561
946,56.808175,6.315214
947,57.111642,5.961408
948,57.106235,5.802504
949,57.279703,5.896383
950,57.579713,5.683540
951,57.633808,5.715417
952,57.908078,5.759810
953,57.814846,6.079435
954,57.938601,6.298441
955,57.888608,6.058890
956,57.956959,5.618776
957,57.876719,5.796411
958,57.945555,5.598032
959,58.068850,5.858883
960,57.990263,5.591913
961,58.251011,5.158551
962,58.542631,5.154036
963,58.213281,4.895406
964,58.019412,4.368480
965,58.007727,4.433811
966,58.114822,4.060232
967,58.338361,4.763643
968,58.507507,5.253475
969,58.652857,5.297821
970,59.121370,5.202767
971,59.335481,5.021847
972,59.434009,4.672837
973,59.651497,4.567159
974,59.563543,4.236414
975,59.481988,4.091636
976,59.345279,4.001072
977,59.710972,3.904987
978,59.674260,4.293873
979,59.663608,4.582463
980,59.587546,4.533889
981,59.117920,4.463687
982,59.010039,4.369220
983,58.763642,4.574489
984,58.479787,4.279029
985,58.575729,4.263841
986,58.802080,4.197031
987,59.188080,3.977505
988,58.868916,4.026590
989,58.685809,4.296932
990,58.244477,4.436442
991,58.210715,4.093724
992,58.679934,4.169536
993,58.321788,4.478009
994,57.645478,4.855538
995,57.022664,4.907194
996,56.899569,4.608710
997,56.798809,4.221246
998,56.760406,3.963504
999,56.626604,3.725490
1000,56.406986,3.980732
