# this data file was made with 
# Chains E,F,G,H are on residues 50-69 of chains A through D (present only in the C8 cage models!)
# Chains I,J,K,L are on residues 10-29 of chains A through D (present in both C4 and C8 cage models)
# this script generates CV's for the shotgun simulation restarts
# [frame, distance along z cordinate of protein (0 is center), distance protein is away from the center of the top of the cage in the plane]
0,37.087148,14.505348
1,37.179088,14.740853
2,37.508277,14.869087
3,37.809243,14.600721
4,38.652633,14.944556
5,39.154885,14.627626
6,39.282049,14.514651
7,39.614619,14.627918
8,39.805428,14.632482
9,40.091092,14.295478
10,40.235987,14.047625
11,40.515571,14.131298
12,40.719300,13.590338
13,40.828057,14.250361
14,40.960593,14.657872
15,41.090283,14.340208
16,40.836544,14.565657
17,41.201378,14.596105
18,41.164849,14.195523
19,41.664584,14.059805
20,41.797015,14.211056
21,41.681917,14.386423
22,41.761870,14.311997
23,42.179722,13.975873
24,41.841557,13.945188
25,41.344858,14.033504
26,41.721640,13.073631
27,41.745229,13.216959
28,41.933141,13.290448
29,42.204493,13.479402
30,42.186281,13.049752
31,41.642143,12.666291
32,42.030013,12.414268
33,42.253817,12.334849
34,41.839106,12.553482
35,41.995211,12.256789
36,42.368662,11.458517
37,42.524273,11.468531
38,42.509646,11.220412
39,42.247248,11.274002
40,42.114033,11.275028
41,41.845377,10.488961
42,41.570004,10.191115
43,41.265260,9.582817
44,41.134931,9.444645
45,41.578637,9.712499
46,41.953045,9.443531
47,41.813626,8.949709
48,42.030608,8.569654
49,42.061441,8.323998
50,41.765451,7.914500
51,42.026429,7.742776
52,42.327148,8.242664
53,42.427754,7.780414
54,42.550163,8.014261
55,42.758426,8.099104
56,42.578857,8.483794
57,43.011478,8.348900
58,43.062503,8.102097
59,42.683794,8.358591
60,42.669052,8.491417
61,42.711413,8.519473
62,43.181408,8.300285
63,43.147786,8.496319
64,42.859656,8.321763
65,43.078445,8.303251
66,42.858524,8.487094
67,42.957602,8.411921
68,42.896050,7.868093
69,43.182602,7.972269
70,42.913366,7.977355
71,42.775928,7.896725
72,42.104434,8.075709
73,42.139126,7.945504
74,42.192913,7.266036
75,41.782467,7.403196
76,41.970579,7.328721
77,41.605788,7.626746
78,42.435166,8.114222
79,42.757004,7.742068
80,42.725419,7.708531
81,42.527147,7.582258
82,42.347366,7.631919
83,42.627953,7.569913
84,42.624836,7.640898
85,42.581551,7.615549
86,42.410229,7.369044
87,41.887735,7.578631
88,41.659127,7.449520
89,41.243867,7.531279
90,41.506276,7.616030
91,41.856145,8.025983
92,41.636826,7.433988
93,41.503984,7.989923
94,41.355948,8.320456
95,41.281717,8.653571
96,41.626099,8.249063
97,42.126314,8.695714
98,42.565269,8.096535
99,43.213698,7.844188
100,43.840994,7.933241
101,44.256501,8.572811
102,44.474264,8.307978
103,44.500904,8.317374
104,44.235697,8.365374
105,44.089589,8.576259
106,44.519543,8.312958
107,44.739730,7.921987
108,44.770890,8.648491
109,45.299165,8.674182
110,45.221474,8.361716
111,44.980478,8.390330
112,45.000807,8.035523
113,44.761990,7.377437
114,44.625374,7.352999
115,44.621622,7.033125
116,44.864572,6.860374
117,45.425536,6.631349
118,46.003533,6.690893
119,45.833587,7.242880
120,45.809706,7.468039
121,46.134154,6.938964
122,46.508379,7.462572
123,46.288134,7.319047
124,46.345097,7.485083
125,46.832233,7.413235
126,47.074517,7.390242
127,46.934356,7.646370
128,46.511884,7.835426
129,46.379559,7.954219
130,46.434416,7.820456
131,46.890656,7.471417
132,47.166645,7.260486
133,46.823784,7.103456
134,46.858654,7.227629
135,46.583663,7.602847
136,46.493605,7.676446
137,46.038481,7.616490
138,46.202274,7.617233
139,46.362944,7.572069
140,46.352170,7.675515
141,46.056163,8.142149
142,45.861438,7.771939
143,45.803027,8.063352
144,45.952671,7.582031
145,46.083359,7.393393
146,46.214567,7.488024
147,46.166084,6.987585
148,46.471729,6.492276
149,46.832620,6.770538
150,47.185937,6.638158
151,47.450729,6.415867
152,47.479139,6.889405
153,47.082251,6.733470
154,47.077998,6.487876
155,46.887390,6.921652
156,46.965133,7.208324
157,47.440190,6.921861
158,47.356534,6.709591
159,46.683910,6.110505
160,46.432827,5.488066
161,46.485037,6.039760
162,46.571258,6.020448
163,46.743763,5.712324
164,46.407594,5.605815
165,45.737776,5.849062
166,46.052175,5.852085
167,46.140499,5.863664
168,46.029002,6.006875
169,45.887962,6.343501
170,45.778576,5.940397
171,45.982255,6.470602
172,46.049727,6.715874
173,46.366719,6.721591
174,46.754609,6.546636
175,47.178582,5.843933
176,47.225834,5.417778
177,46.911910,6.099228
178,46.903941,6.293011
179,47.452427,6.388012
180,47.476828,6.395650
181,47.839508,7.237634
182,48.577910,6.985144
183,48.535442,7.340554
184,48.808195,7.306234
185,48.616729,7.095919
186,48.261237,7.675545
187,48.517351,7.824819
188,48.108374,7.998881
189,47.679931,7.550561
190,47.482366,7.239348
191,46.930293,7.653103
192,46.639491,7.666370
193,46.368078,7.007667
194,45.933569,6.889255
195,46.183368,6.785851
196,46.337641,6.942845
197,46.740629,6.734455
198,46.774537,7.108500
199,46.810017,7.021812
200,46.459775,6.976769
201,46.584900,6.992993
202,46.680534,7.440608
203,46.636194,7.371829
204,46.948008,7.317057
205,46.962271,6.890225
206,47.165022,6.347084
207,47.572786,6.711041
208,47.988917,6.819666
209,47.755720,6.910136
210,47.503388,7.136574
211,46.817188,7.360361
212,46.171613,7.282425
213,46.172475,7.167302
214,46.223670,7.113215
215,46.675468,6.983242
216,47.237689,6.858744
217,47.529805,6.521955
218,47.661200,6.776402
219,47.808762,6.883241
220,48.079919,6.547423
221,48.845694,6.000659
222,48.920233,6.258913
223,48.928688,5.438438
224,48.752437,5.608724
225,48.783365,5.387061
226,48.688763,5.213272
227,49.082654,5.210351
228,49.318709,5.297562
229,49.414737,4.783320
230,49.706922,5.075009
231,49.597377,5.598126
232,49.681852,5.986088
233,50.093581,6.449515
234,49.893309,6.530704
235,49.831044,6.587890
236,49.947840,6.339196
237,50.109088,6.534840
238,49.621489,7.028273
239,49.280859,8.048311
240,49.226089,8.074468
241,49.061731,8.241842
242,48.920806,8.291366
243,48.852398,8.080288
244,49.464475,7.987242
245,49.924550,7.879636
246,50.392625,7.957133
247,50.369611,7.651923
248,50.003831,7.758286
249,49.761150,7.678689
250,49.386334,7.669443
251,49.365857,7.830177
252,49.631482,8.404446
253,49.741529,8.757354
254,49.568622,9.344409
255,49.393498,9.384250
256,49.077554,9.603041
257,49.085240,9.568326
258,48.846453,9.003015
259,48.998518,9.300591
260,49.328787,9.160330
261,49.556866,9.288939
262,49.253376,9.256909
263,49.104342,9.634779
264,49.313414,9.499873
265,48.947204,9.336086
266,48.485056,9.579694
267,48.150433,9.513867
268,48.020052,9.650218
269,48.238571,9.511040
270,47.904406,10.415153
271,47.694942,10.907522
272,47.020691,11.182968
273,46.673348,10.607134
274,46.468531,10.742188
275,46.655178,10.861110
276,46.673582,10.805742
277,46.625324,10.754750
278,46.776974,10.141631
279,46.844318,9.989856
280,47.314107,9.611360
281,48.078747,10.114374
282,48.867821,9.672849
283,49.165803,9.605570
284,49.379816,9.486513
285,49.447695,9.531576
286,49.886362,9.542516
287,49.887080,9.303032
288,49.832196,9.635570
289,50.037672,10.153761
290,50.124528,10.321029
291,50.251637,10.353328
292,50.460252,10.023592
293,50.207074,9.398792
294,50.384093,9.425137
295,49.808495,10.021243
296,49.695859,10.358712
297,49.251548,10.402101
298,48.968389,10.445917
299,49.207032,10.004585
300,49.029629,9.968984
301,48.992551,9.636560
302,49.057343,9.212079
303,49.405696,9.234195
304,49.562143,9.091179
305,49.919604,9.099702
306,49.993453,9.168586
307,50.040719,9.378974
308,50.354422,9.241454
309,49.905764,9.580075
310,49.771745,10.340116
311,49.810867,10.671213
312,49.549822,11.128523
313,49.862080,10.961690
314,50.273338,11.277514
315,50.557306,11.086722
316,50.296135,10.342147
317,50.242455,10.112181
318,49.713632,10.392659
319,49.529059,10.717691
320,49.328120,10.978434
321,49.125197,10.540652
322,49.134027,10.649881
323,49.222837,10.830397
324,48.651052,10.742941
325,48.098472,10.789770
326,47.824118,10.833177
327,47.823820,10.875741
328,47.556273,10.909889
329,47.489182,11.313773
330,47.393654,11.356910
331,47.503424,11.524182
332,47.588919,11.945905
333,47.619045,12.320224
334,47.976485,12.796488
335,48.507856,13.000254
336,48.528475,13.156765
337,48.810866,12.570627
338,48.634653,12.567982
339,49.284951,11.836397
340,49.298113,12.067120
341,49.648090,11.924864
342,49.752059,11.441431
343,50.207453,11.648395
344,50.346646,11.575792
345,50.712505,11.575269
346,50.702257,11.189311
347,50.137554,11.222110
348,49.822850,11.232689
349,49.396943,11.742442
350,49.885226,11.722796
351,49.771985,11.859426
352,49.626079,11.241671
353,50.013227,11.088118
354,50.051127,10.666173
355,50.191859,10.803096
356,50.610454,10.704312
357,50.561156,10.420392
358,50.521798,10.429948
359,50.327586,10.390955
360,49.424732,10.445201
361,49.104886,10.059217
362,49.091390,9.810255
363,48.890410,9.944533
364,48.876475,9.632162
365,49.267563,9.451823
366,50.015559,9.278752
367,49.841396,8.916230
368,49.861548,9.080097
369,49.968473,9.147157
370,49.003428,9.509857
371,49.363413,9.359077
372,49.624224,8.924781
373,49.368894,9.211759
374,49.013743,9.521882
375,48.688349,9.764584
376,48.133959,10.151177
377,47.845459,9.979726
378,47.640012,10.278364
379,47.944811,10.232708
380,48.275209,10.473537
381,48.480761,10.278411
382,49.094973,10.153022
383,49.467036,10.411230
384,49.637295,10.673234
385,49.480961,10.220617
386,49.103164,10.259974
387,49.215403,9.912889
388,49.073477,9.902556
389,49.359922,9.815638
390,49.763805,9.462066
391,49.972884,9.347829
392,50.711123,9.353262
393,50.658368,9.340635
394,50.835826,9.177745
395,51.053173,9.044197
396,51.384261,8.991372
397,51.839750,9.178064
398,51.626659,9.074739
399,51.451882,9.171149
400,51.722215,9.520879
401,52.393942,9.404721
402,52.648255,9.176449
403,52.455290,9.085064
404,51.993056,8.606107
405,51.697423,8.394568
406,51.504477,9.003620
407,51.254853,9.253117
408,51.027780,9.251899
409,51.105176,9.339775
410,51.277401,9.048426
411,51.088476,9.323833
412,51.398612,9.495150
413,51.922582,9.803886
414,52.345398,9.645093
415,52.460514,9.763719
416,52.801334,9.417695
417,52.075365,9.462178
418,52.158065,9.253572
419,52.008366,9.132926
420,52.169289,9.715189
421,52.092401,9.708880
422,52.258181,9.674822
423,52.408265,9.328593
424,52.367710,9.564550
425,52.355914,9.499115
426,52.329663,9.621827
427,52.167574,9.073009
428,52.125060,9.307683
429,52.489601,9.553928
430,52.640699,9.657018
431,52.607861,9.585227
432,52.615429,9.798004
433,52.408327,9.655837
434,52.208180,9.467295
435,52.178144,9.112037
436,52.401596,9.368350
437,52.274690,9.417666
438,51.940868,9.192186
439,51.848398,8.937682
440,51.721484,8.778845
441,51.743415,8.862663
442,52.151900,8.737239
443,52.144282,9.003919
444,51.822715,9.300020
445,52.080800,8.965194
446,52.372675,8.716068
447,52.045092,8.587374
448,52.280006,8.361802
449,52.451132,8.042431
450,52.171901,8.452424
451,51.913237,8.491260
452,52.031467,8.808342
453,52.335354,8.828859
454,52.483504,9.072351
455,52.443788,8.820896
456,52.547777,9.022886
457,52.706692,8.968132
458,52.461742,9.464423
459,52.317419,9.611123
460,51.708839,9.745833
461,51.311277,9.993189
462,51.328499,10.014723
463,51.510681,9.720409
464,51.876991,9.356426
465,52.157640,9.125958
466,52.474538,8.194067
467,52.414587,7.664410
468,52.160820,7.922860
469,51.861694,8.285206
470,51.970277,8.517740
471,51.448544,8.665217
472,51.512300,8.575519
473,51.814161,8.601475
474,52.101889,9.008576
475,52.258025,9.249666
476,52.213568,9.338710
477,51.455357,9.098924
478,51.447073,9.220771
479,51.586122,9.562103
480,51.856214,9.449488
481,51.901164,9.288887
482,51.650991,9.084310
483,51.579266,8.951063
484,51.628092,9.155590
485,51.915890,9.161498
486,51.850629,9.206206
487,51.542488,9.262638
488,51.407245,8.681553
489,50.533715,8.634003
490,49.919858,8.855284
491,49.912913,8.779849
492,49.966677,8.660669
493,50.235519,8.532861
494,50.611797,8.542553
495,50.452418,8.523482
496,50.632147,8.535914
497,50.764277,8.957131
498,50.552970,9.716405
499,50.590801,9.834312
500,50.280591,9.789917
501,49.878337,9.827411
502,49.786621,9.830123
503,49.913524,9.270333
504,49.908402,9.238964
505,50.059793,9.269113
506,49.708752,9.380757
507,49.750545,9.632153
508,49.584834,10.063729
509,49.846877,10.137079
510,49.859822,10.572147
511,49.946250,10.373964
512,50.007469,9.795154
513,50.199316,9.897948
514,49.673788,10.321291
515,49.649153,10.483006
516,49.942881,10.281101
517,49.976710,10.480259
518,50.127573,10.439131
519,50.143717,10.909751
520,50.559707,10.269755
521,50.666013,10.027534
522,50.827970,9.536490
523,50.615194,9.387037
524,50.339305,9.240302
525,50.172954,9.483905
526,50.266052,9.251883
527,49.941041,9.306620
528,49.710798,9.777790
529,49.316700,10.406808
530,49.453239,10.674713
531,49.081110,10.712014
532,49.751070,10.641224
533,50.044136,10.822620
534,50.161200,10.961214
535,50.146569,10.922542
536,50.362667,11.168164
537,50.369954,10.765174
538,50.628540,11.124700
539,50.523803,11.170108
540,50.538133,11.572056
541,50.400697,11.412728
542,50.491266,11.282335
543,50.556317,11.636456
544,50.452223,11.466048
545,50.502001,11.559277
546,50.577953,10.452479
547,50.637385,10.567050
548,50.310568,10.667523
549,50.097010,10.520763
550,50.016590,10.606813
551,49.730611,10.652592
552,49.692802,10.697025
553,49.863658,10.591607
554,49.996837,10.838453
555,50.276094,10.958523
556,50.187286,10.810788
557,49.985874,10.822740
558,49.591551,10.905279
559,49.254631,11.004999
560,49.309778,10.861151
561,49.719127,10.628939
562,49.299186,11.103704
563,49.766193,10.284468
564,50.361978,10.093122
565,50.334935,10.303998
566,50.407175,10.390286
567,50.459118,10.223053
568,50.301923,10.244020
569,50.064956,10.315448
570,49.794865,10.318914
571,49.951264,10.068948
572,50.136873,10.141428
573,50.698281,10.122190
574,51.011805,10.835319
575,51.251781,10.947210
576,51.161539,11.087116
577,50.772446,10.721579
578,50.117101,10.551840
579,50.073927,10.057069
580,50.419630,10.155664
581,50.086227,10.653452
582,50.076666,10.865549
583,49.585013,10.839283
584,49.051682,11.208296
585,48.738257,11.370991
586,48.208856,11.049326
587,47.832304,11.161854
588,47.906014,10.805228
589,48.252127,10.827745
590,48.165651,10.432445
591,48.601355,9.966329
592,48.329824,10.044461
593,48.180079,9.867620
594,48.613626,9.160634
595,48.666589,9.344056
596,48.513757,9.376577
597,48.158570,9.422182
598,47.826139,9.147221
599,48.092666,8.913500
600,47.325590,9.079140
601,47.299049,9.167307
602,47.313658,8.926729
603,46.809977,8.832745
604,46.753993,8.632522
605,46.723366,8.830246
606,46.656861,8.765628
607,46.474734,8.910408
608,46.440568,8.731782
609,46.334047,9.222426
610,46.580560,9.101543
611,46.988405,8.555832
612,46.144891,9.001638
613,46.162361,9.179343
614,46.373100,9.182181
615,46.250622,9.302569
616,45.783074,9.438149
617,45.903999,9.987474
618,45.678577,10.371275
619,45.889990,10.322043
620,46.250842,9.808803
621,46.441615,9.879953
622,46.076585,9.730573
623,46.338955,9.811003
624,47.069042,9.557121
625,47.393893,9.312759
626,47.638937,9.202155
627,47.935069,9.750760
628,48.390843,9.502040
629,48.328800,9.125991
630,48.125244,9.486531
631,48.182958,8.963297
632,48.136983,9.014580
633,48.261750,8.494613
634,48.520488,8.651007
635,48.243321,8.735042
636,48.142935,8.935943
637,48.302162,8.681255
638,47.832675,8.827941
639,47.478469,8.843159
640,47.431703,8.911209
641,46.942618,9.014126
642,46.550713,9.200164
643,46.303886,9.426395
644,46.487811,9.181978
645,46.376010,9.198272
646,46.500890,9.333825
647,46.608799,9.338589
648,46.970898,8.950653
649,46.703367,9.001829
650,46.651037,9.392064
651,47.012378,9.548090
652,47.314929,9.622398
653,47.630045,9.808376
654,47.206295,10.283917
655,46.971145,10.702258
656,46.521417,10.404322
657,46.715894,10.021456
658,47.190535,9.476693
659,47.673996,9.039073
660,47.459921,9.251653
661,47.649115,8.849451
662,48.114341,8.617898
663,48.216214,8.999744
664,48.068553,8.904980
665,47.674032,9.409787
666,47.943989,9.389017
667,47.837681,9.213486
668,47.900260,9.718536
669,48.016607,9.888529
670,47.998455,10.135602
671,47.948449,10.610702
672,47.859749,10.686907
673,47.573517,10.679967
674,47.325687,10.413286
675,47.408386,10.088947
676,47.309883,10.304691
677,47.255511,10.553949
678,47.115620,10.535018
679,46.966601,10.686465
680,47.468083,10.704464
681,47.523340,10.826739
682,48.123948,10.406959
683,48.649021,10.097597
684,48.594550,9.484437
685,48.622703,9.398858
686,48.806546,9.210063
687,49.271759,9.094421
688,49.147519,9.069392
689,49.026373,9.294507
690,48.563968,9.486925
691,48.519481,9.715637
692,48.293840,9.663594
693,47.862809,9.376434
694,47.529857,8.860414
695,47.059895,8.830408
696,46.944765,8.876402
697,46.658879,8.897034
698,46.712042,8.505687
699,47.133028,8.495917
700,47.471427,8.345664
701,47.458535,8.752078
702,47.533893,8.844533
703,47.704638,8.946139
704,47.860978,8.509041
705,47.769584,8.604324
706,48.117609,8.813676
707,48.211352,9.214426
708,47.997859,9.565450
709,47.782916,9.359726
710,47.918894,9.742908
711,47.604291,10.290472
712,47.128477,10.370678
713,47.027967,10.462532
714,47.035370,10.655986
715,47.345637,10.763507
716,47.288417,10.882138
717,47.056496,11.068718
718,46.873069,11.101316
719,46.805695,11.086575
720,47.001175,10.823684
721,46.843269,10.831836
722,47.038892,10.719912
723,46.837944,11.009310
724,46.394052,11.207342
725,46.415643,11.203392
726,46.648627,10.879320
727,47.137047,10.891474
728,47.511514,10.518081
729,47.985874,10.020547
730,48.105195,9.594280
731,47.805176,9.799244
732,47.719105,9.874478
733,47.485005,9.777619
734,47.409044,9.577868
735,47.081596,9.299468
736,46.803321,10.006002
737,46.907590,10.058810
738,46.778199,10.259848
739,46.408974,10.744049
740,46.314886,10.523545
741,46.121302,11.103238
742,46.355991,11.024157
743,46.356723,11.266436
744,46.800341,11.118329
745,46.864012,11.226259
746,46.772042,10.941397
747,46.742419,11.228995
748,46.618320,11.474005
749,47.123428,11.308778
750,47.294140,11.228539
751,46.954327,11.432063
752,46.822193,11.187139
753,46.167170,11.422249
754,45.857710,11.872571
755,45.249876,12.053868
756,45.093724,12.024694
757,45.148816,12.051168
758,45.039410,11.816515
759,45.082307,11.655577
760,44.802224,11.852099
761,44.540192,12.269063
762,44.566181,12.114868
763,44.528405,12.477905
764,44.579158,12.452044
765,44.230514,12.778702
766,44.177357,12.824948
767,44.307121,12.641086
768,44.597774,12.740975
769,44.568306,12.977100
770,44.712107,11.889406
771,44.562910,11.597448
772,44.214107,11.657087
773,44.644402,11.052375
774,44.091158,11.485346
775,43.662035,11.288178
776,43.914028,11.444343
777,43.853227,11.244495
778,44.086024,10.897897
779,44.774179,10.419860
780,45.358003,9.992577
781,45.441278,10.230416
782,45.578997,10.387798
783,45.456679,10.642143
784,45.334285,10.340923
785,45.108213,10.868514
786,45.406761,10.899140
787,45.487578,11.184170
788,45.896889,10.909404
789,45.622929,11.120167
790,45.771450,11.208798
791,46.160007,11.095028
792,46.152429,10.920836
793,46.159442,10.787125
794,46.737091,10.511325
795,46.560602,10.734979
796,46.571722,11.089450
797,46.189193,11.219053
798,46.697880,11.255518
799,46.687901,11.398447
800,46.787383,11.568347
801,46.897956,11.148165
802,47.108485,11.336373
803,47.163965,11.176089
804,47.444188,11.042251
805,47.669522,11.533799
806,47.959103,11.533317
807,47.850902,11.117413
808,47.427781,11.126439
809,47.535515,11.093493
810,47.905480,10.822622
811,47.839917,10.386042
812,48.702205,9.833687
813,48.937234,9.564944
814,49.264797,9.331962
815,49.688041,9.488570
816,49.434365,9.622541
817,49.180348,9.653273
818,49.184584,9.566180
819,48.679110,9.847569
820,49.282844,9.195009
821,49.151043,9.383906
822,49.519207,9.188156
823,49.381658,9.614331
824,49.526147,10.158349
825,49.443770,10.164463
826,49.239362,10.003064
827,48.867257,10.170966
828,48.465406,10.209172
829,48.559116,10.220139
830,48.844481,10.279208
831,49.027900,10.409292
832,49.443308,10.248587
833,49.592437,10.464803
834,49.609897,10.673252
835,49.159422,10.413890
836,48.740949,10.635152
837,48.073964,10.175331
838,47.687713,9.753846
839,47.428311,9.961359
840,47.738593,9.903960
841,47.266069,10.067257
842,46.624457,9.957580
843,46.981361,10.150538
844,46.749363,10.729936
845,46.839698,11.033612
846,47.033026,11.021401
847,47.846584,10.579536
848,48.205115,10.550153
849,48.575155,10.622380
850,49.019108,10.692816
851,49.320161,11.087398
852,49.824343,11.454361
853,50.252270,11.008185
854,50.331320,11.044897
855,50.652934,11.266606
856,51.003182,11.119015
857,50.894890,10.769301
858,51.325936,10.625912
859,51.000055,10.234031
860,50.725277,10.521899
861,50.868838,10.368007
862,50.996662,10.782683
863,50.821804,11.097713
864,50.598130,11.484189
865,50.820997,11.717798
866,51.075972,11.698375
867,50.737897,11.421255
868,50.813219,11.355866
869,50.754625,11.732579
870,50.884195,11.547810
871,51.289562,10.858265
872,51.971296,10.483589
873,51.802151,10.581763
874,51.816899,10.505310
875,51.323207,10.498974
876,51.026444,10.348050
877,50.801975,10.437565
878,51.023335,10.083692
879,51.492073,10.086288
880,51.772101,10.139630
881,52.291378,10.529234
882,52.124072,10.532610
883,52.519725,10.519092
884,52.667609,10.490354
885,52.754693,10.385761
886,52.861581,10.226395
887,52.624912,9.673438
888,52.361339,9.592305
889,52.621482,9.786813
890,53.337177,10.348340
891,53.277608,10.482628
892,53.186041,10.783476
893,53.298358,11.030423
894,53.215878,11.242845
895,53.098053,11.239920
896,53.290950,11.251783
897,53.468354,11.336993
898,53.912069,11.501639
899,54.135815,11.612203
900,54.442529,11.365284
901,54.842660,11.702180
902,54.868476,11.167924
903,54.117963,10.749333
904,53.717243,10.712631
905,53.696569,11.139725
906,53.645826,11.196532
907,54.113521,11.036163
908,54.316788,11.259753
909,54.696009,11.332298
910,54.924508,11.037578
911,55.492067,10.838046
912,55.521068,10.602081
913,55.139706,10.511089
914,55.312769,10.332413
915,54.871606,10.741323
916,54.390322,10.636511
917,53.665999,10.858257
918,53.419649,10.709478
919,52.812752,10.382096
920,52.685974,10.074611
921,52.615322,10.081342
922,52.724095,9.518016
923,52.944653,9.328367
924,52.754657,9.366806
925,52.758706,9.572194
926,53.043028,9.635761
927,53.080352,9.503007
928,53.047006,9.630934
929,52.526975,9.731109
930,52.288858,9.791037
931,51.913152,9.319126
932,52.271589,9.213787
933,52.515630,9.188268
934,52.327193,9.403698
935,52.257797,9.024286
936,52.963953,9.013122
937,53.126036,8.601695
938,52.935159,9.182753
939,53.674898,9.104447
940,53.376208,8.924070
941,53.793769,8.997800
942,53.638417,8.501501
943,53.685167,8.744077
944,54.036499,8.961831
945,53.730350,9.203010
946,53.098815,9.317417
947,52.780050,9.801188
948,52.839901,9.845183
949,53.144123,9.856275
950,53.064711,9.649650
951,52.799657,9.124342
952,53.228637,8.985101
953,53.547563,9.644962
954,53.203160,9.677714
955,53.168349,9.695844
956,53.151522,9.409972
957,52.943206,9.364649
958,53.223734,8.954979
959,53.139315,8.695111
960,53.175714,8.891595
961,53.631601,8.898525
962,53.872467,8.551136
963,54.552233,8.676125
964,54.686550,8.247364
965,54.329243,8.189617
966,54.285254,8.117685
967,54.582332,7.694975
968,55.075458,8.122925
969,55.572722,7.812094
970,56.246864,7.753943
971,56.031204,8.218148
972,55.824422,8.178939
973,55.375070,7.549379
974,55.257733,7.408255
975,55.128778,7.572715
976,55.011247,7.371800
977,54.897753,7.682534
978,54.635758,8.197134
979,54.690185,8.657177
980,54.585054,8.586009
981,54.377242,7.944630
982,54.109321,7.962473
983,53.561520,8.287132
984,53.243272,8.254963
985,53.388889,8.103524
986,53.087232,8.112025
987,52.766912,7.999085
988,52.562879,8.168920
989,51.912366,8.038212
990,52.493079,7.513115
991,52.255755,7.239704
992,52.068448,7.157464
993,52.319317,6.929492
994,52.072280,6.464540
995,52.180826,7.031110
996,52.496563,7.168111
997,52.856121,7.564763
998,53.238551,8.025780
999,53.052755,7.709230
1000,53.105789,7.710398
