# this data file was made with generate_cvs.tcl
# Chains E,F,G,H are on residues 50-69 of chains A through D (present only in the C8 cage models!)
# Chains I,J,K,L are on residues 10-29 of chains A through D (present in both C4 and C8 cage models)
# this script generates CV's for the shotgun simulation restarts
# [frame, distance along z cordinate of protein (0 is center), distance protein is away from the center of the top of the cage in the plane]
0,65.650447,8.619662
1,65.477179,8.531407
2,65.488125,7.930689
3,65.578443,8.180814
4,65.495708,7.875721
5,64.814925,7.768938
6,64.644633,7.930995
7,64.153482,8.275708
8,64.219507,8.089978
9,64.121657,8.392050
10,63.860054,8.567187
11,64.112257,8.466263
12,63.909256,8.143796
13,63.825558,8.429655
14,63.881530,8.491277
15,64.007947,8.718759
16,63.448983,8.745521
17,63.195664,9.030046
18,63.087899,8.921045
19,63.105667,8.872600
20,63.204142,8.370519
21,62.695822,8.335741
22,62.281391,7.855477
23,62.360801,7.887837
24,63.075840,7.807489
25,63.221745,7.813515
26,63.333318,7.538979
27,63.068545,7.731381
28,62.625068,7.753625
29,62.684182,7.710253
30,63.287038,7.260319
31,63.663401,7.616665
32,64.461691,8.104987
33,64.283194,8.869618
34,64.102717,8.906114
35,63.987125,8.210239
36,63.995276,7.634241
37,64.024700,8.291419
38,64.027832,8.576069
39,64.221261,8.440816
40,64.052764,7.941958
41,63.803323,8.214309
42,63.532581,7.732442
43,63.326930,8.025524
44,63.356228,8.137192
45,63.515643,9.274288
46,63.422807,8.888510
47,63.359197,8.634683
48,63.670918,8.452032
49,63.655001,8.691622
50,63.654384,9.006364
51,63.723625,8.071396
52,63.194404,8.167346
53,63.060027,8.019053
54,63.035871,7.828851
55,63.026239,8.629025
56,63.106052,9.796258
57,62.942156,9.507532
58,62.820766,8.977474
59,62.693744,9.077715
60,62.412764,8.738048
61,62.138127,8.321377
62,62.669323,8.548145
63,63.327899,8.738780
64,63.364209,8.854485
65,63.195602,9.048689
66,63.104475,9.086160
67,63.674530,9.050430
68,63.281901,9.067196
69,62.918318,8.892455
70,62.866743,8.346041
71,62.512431,8.250590
72,62.287557,8.340621
73,62.072229,8.792363
74,61.461016,8.776586
75,61.373717,7.949240
76,60.896337,8.065139
77,60.409729,8.320810
78,60.386408,9.241982
79,60.118943,9.016251
80,60.489344,7.885116
81,60.767474,7.588937
82,61.012797,7.340518
83,61.305890,7.677083
84,61.590172,7.697571
85,61.723362,7.700453
86,61.776939,7.795211
87,61.591129,7.293232
88,61.029738,6.643081
89,61.353102,6.744988
90,61.180324,6.780757
91,61.380073,6.772488
92,61.641647,6.594873
93,61.958814,5.869230
94,62.068285,6.467540
95,62.035318,6.306310
96,61.682334,6.294716
97,61.919852,6.663983
98,62.149305,6.350625
99,61.770570,6.245830
100,61.302694,6.669421
101,61.099601,6.731953
102,60.702062,7.651746
103,60.681243,7.476953
104,59.892461,8.024849
105,59.701118,8.267736
106,60.021166,8.138067
107,60.202870,7.851438
108,60.513172,7.333128
109,60.510161,7.379841
110,60.392540,6.965165
111,60.502842,7.102326
112,60.271513,7.427836
113,60.689649,7.608861
114,60.801408,7.126573
115,61.153054,6.804338
116,61.684616,6.239038
117,62.014965,5.604254
118,62.097021,5.623141
119,61.757939,5.258830
120,61.579349,5.306831
121,61.679198,5.242548
122,62.214353,5.101697
123,62.878370,5.554903
124,63.564903,5.618463
125,63.659341,6.076515
126,63.521234,6.379456
127,63.961166,6.711194
128,63.901595,7.113534
129,63.728064,7.255361
130,63.956539,7.525094
131,63.718282,7.280444
132,63.581272,7.721975
133,64.022093,7.781207
134,64.123566,8.304829
135,64.008807,8.400979
136,63.849817,8.097400
137,63.608521,7.658132
138,63.393631,7.428898
139,62.982308,7.659499
140,63.051254,8.045399
141,63.025991,8.498393
142,62.771608,8.804468
143,62.327770,8.340886
144,62.295204,8.189968
145,62.685415,8.478974
146,62.602932,8.636878
147,62.592009,8.081117
148,62.688941,7.585112
149,62.503402,7.877064
150,62.586178,7.780377
151,62.187797,7.756241
152,61.745852,7.500368
153,61.562795,7.660545
154,61.600338,6.957926
155,61.378915,6.837660
156,61.331048,6.534225
157,61.128861,6.008798
158,60.881304,6.956146
159,61.333280,7.172769
160,61.431808,7.559159
161,61.123041,7.450154
162,61.209096,7.675613
163,60.837680,7.746413
164,60.369960,7.592789
165,60.763068,7.665070
166,60.562916,7.618791
167,61.359929,7.769607
168,61.819049,7.521179
169,61.637878,7.858034
170,61.401321,7.996398
171,61.605561,8.531765
172,61.790268,8.461088
173,61.364652,8.076264
174,61.440664,8.260912
175,61.464530,8.339971
176,61.612986,8.011023
177,61.538310,7.506217
178,61.307899,7.549287
179,61.107591,7.782990
180,60.587110,7.809347
181,60.048732,7.762500
182,59.868600,7.630302
183,59.828825,7.887243
184,60.297247,7.699380
185,60.772441,7.589148
186,61.056158,7.709599
187,61.243100,7.880533
188,61.244013,7.950604
189,61.566470,7.531223
190,62.002238,7.690421
191,62.705200,7.660756
192,63.054836,6.771480
193,63.456799,7.174837
194,63.393326,7.600588
195,63.276156,7.485462
196,63.090031,7.793789
197,62.801889,8.040956
198,62.875533,8.384634
199,63.093130,8.227425
200,63.335429,8.038634
201,63.894691,8.174484
202,64.056766,7.946841
203,63.816362,8.068855
204,63.695574,8.171554
205,63.714733,8.013041
206,64.162305,8.448490
207,64.168920,8.062779
208,64.104250,7.892756
209,64.235488,8.222711
210,64.186818,7.921390
211,63.762185,7.616376
212,64.023497,7.780084
213,64.177465,7.620202
214,64.294348,7.591617
215,64.426217,7.913653
216,64.579387,8.094722
217,64.467193,8.405418
218,63.870088,7.861971
219,63.680567,8.271503
220,64.163060,8.090860
221,64.113972,7.638850
222,63.799895,7.694008
223,63.677660,7.257833
224,63.734007,7.196553
225,63.544944,6.983004
226,63.387612,6.752632
227,63.266946,7.060768
228,63.164462,6.876490
229,62.538566,6.658709
230,61.918528,7.020659
231,61.931998,7.414156
232,62.128564,7.376077
233,62.210054,7.241074
234,62.071539,7.409770
235,61.839997,7.866621
236,61.188040,7.964897
237,61.089265,8.010998
238,61.137146,7.927961
239,61.282812,7.979252
240,61.170492,7.765098
241,61.274355,8.014784
242,61.346566,7.672140
243,61.432871,8.054230
244,61.457606,7.820340
245,61.820126,7.670527
246,62.042158,7.342229
247,62.019507,6.961122
248,61.980618,7.516503
249,61.998467,7.361439
250,62.380830,7.586806
251,62.383319,7.553062
252,62.140960,7.274829
253,62.269147,7.734863
254,62.200904,7.835618
255,62.547500,7.843325
256,62.646270,7.766719
257,62.672524,7.901401
258,62.468660,7.501627
259,63.065718,7.042518
260,63.768601,7.041510
261,64.010506,6.229145
262,64.054267,5.897775
263,64.412760,5.438317
264,64.491420,5.526463
265,64.275235,6.009549
266,64.388065,6.154334
267,64.334823,6.099548
268,64.278474,5.544095
269,63.994015,5.581989
270,63.885045,5.814974
271,63.564839,6.485289
272,63.255802,7.170194
273,62.732848,7.689837
274,62.347097,7.156645
275,62.310201,7.028712
276,62.606303,6.789825
277,62.777820,6.584966
278,62.890379,6.562791
279,63.068539,6.564041
280,63.512217,6.008840
281,63.702829,5.699993
282,63.774843,5.190214
283,64.113593,5.222865
284,64.057721,4.746757
285,64.442124,4.677013
286,64.536006,4.596021
287,64.603588,4.420186
288,64.122600,4.699317
289,63.870016,4.805077
290,64.087525,4.632742
291,63.913005,4.470122
292,63.647447,4.573493
293,63.644251,5.070481
294,63.577518,5.701099
295,63.393892,5.776012
296,63.486908,6.095592
297,63.509869,6.231425
298,63.364348,6.048137
299,63.123718,5.637286
300,62.872614,5.694925
301,62.796579,5.577760
302,62.786402,5.596411
303,63.066555,5.926888
304,63.226275,5.732706
305,63.087098,5.365212
306,62.969611,4.941232
307,62.662326,4.777040
308,62.700757,4.487740
309,63.238655,4.763068
310,63.953510,4.752342
311,64.656084,4.624712
312,64.814296,4.415918
313,65.503745,4.513353
314,65.496432,4.452632
315,65.672355,4.039966
316,66.050411,4.191232
317,66.328674,4.026653
318,66.147793,3.957741
319,65.878195,4.039505
320,65.409548,4.519260
321,65.233436,5.178284
322,64.553369,5.608050
323,64.409060,5.268358
324,64.515168,5.540503
325,64.453809,5.233062
326,63.919161,5.095873
327,64.282789,5.343851
328,64.519941,5.321644
329,64.921337,5.036389
330,64.741171,5.471960
331,64.756075,5.748651
332,64.398151,5.030355
333,63.979029,5.215473
334,64.054474,5.480901
335,64.132853,5.449786
336,64.062256,5.397443
337,64.011031,5.154534
338,63.964164,5.035669
339,63.796894,4.974356
340,63.603433,4.912884
341,63.402428,4.571277
342,63.260864,4.053036
343,62.841880,4.189174
344,62.086718,3.726207
345,62.251546,4.328760
346,62.389088,4.360837
347,62.397119,4.400776
348,62.400288,4.330189
349,62.209989,4.570866
350,61.942139,4.617923
351,61.933697,4.760911
352,62.142850,5.224894
353,62.894666,5.242495
354,63.265009,5.368801
355,63.392956,5.230193
356,63.106378,5.116194
357,63.214097,6.028180
358,63.628398,5.753887
359,63.264716,6.149308
360,62.909606,6.316638
361,62.649560,6.741247
362,62.499268,6.675452
363,62.293336,6.580816
364,61.958792,6.716262
365,61.736242,6.890854
366,62.032400,7.194966
367,62.278041,7.161902
368,61.874398,7.452553
369,61.417505,7.430866
370,61.141171,7.314839
371,60.959431,6.946344
372,60.727749,6.863408
373,61.175355,7.521570
374,61.217469,7.784123
375,61.086537,8.098736
376,60.704802,8.610797
377,60.595527,9.484876
378,60.836006,9.522581
379,61.445758,9.370886
380,61.776451,9.078183
381,61.382346,9.120144
382,61.602652,8.654562
383,61.642742,8.011835
384,61.110329,7.695616
385,60.849661,7.593775
386,61.180802,8.239470
387,61.173674,8.425493
388,60.777301,8.548613
389,60.815090,8.853240
390,61.240556,8.432981
391,61.472180,8.158912
392,61.826900,7.969860
393,62.285702,7.820132
394,61.853873,7.962126
395,61.575784,7.167614
396,61.665922,6.903690
397,61.562920,7.086864
398,61.974359,6.507917
399,62.028281,6.690710
400,62.241537,6.134798
401,62.494340,6.013104
402,62.916520,5.608000
403,62.905144,5.629638
404,62.555710,5.910784
405,62.645595,5.514125
406,62.673607,5.670101
407,62.931876,6.284630
408,63.091873,6.191886
409,63.258862,6.203689
410,63.000083,5.974550
411,62.611988,6.026003
412,62.286852,6.545398
413,61.704044,6.762653
414,61.638620,7.321683
415,61.459582,6.807164
416,61.383636,7.040226
417,60.954529,6.768456
418,60.973194,6.338862
419,60.899600,6.565434
420,60.462458,7.172031
421,59.921487,7.348893
422,60.406915,7.252026
423,59.976651,7.706846
424,60.105652,8.047937
425,59.766377,7.967265
426,59.272250,7.411634
427,58.911781,7.623912
428,58.398591,7.615331
429,58.130363,7.858010
430,58.399825,7.812024
431,58.892798,8.308433
432,58.722730,8.631737
433,58.436727,8.425254
434,58.239016,8.009953
435,57.985794,7.700474
436,58.040875,7.780525
437,58.153853,8.111244
438,58.373255,8.027224
439,58.350795,8.051651
440,58.549266,7.713816
441,58.447912,7.349773
442,58.520194,7.541605
443,59.082333,7.830697
444,59.431083,8.176089
445,59.919499,8.032292
446,60.088187,7.887528
447,59.698828,7.703987
448,59.255266,7.639340
449,59.274429,7.826456
450,59.544239,7.846420
451,59.998746,7.473103
452,60.129201,7.836637
453,60.360225,8.074160
454,60.374694,8.288740
455,60.420144,7.988826
456,60.381853,7.585495
457,60.034864,7.602338
458,60.374447,7.228580
459,60.253960,7.150387
460,60.052821,6.916264
461,60.344440,7.347879
462,60.510619,7.351310
463,61.010459,7.695525
464,61.063984,7.572374
465,60.720309,7.610894
466,60.369874,7.884116
467,60.829016,7.650330
468,60.905851,7.823220
469,60.884549,8.144707
470,60.654194,8.559568
471,60.599949,8.919379
472,60.381810,8.356962
473,59.922133,8.013276
474,59.291625,7.933870
475,59.419181,8.087924
476,59.589407,8.157023
477,60.112605,7.751914
478,60.064868,8.329552
479,60.295171,8.441955
480,60.476538,7.961174
481,60.266410,7.975424
482,60.637667,7.700944
483,60.538848,7.599644
484,60.612790,7.925537
485,60.641400,7.697397
486,60.346181,8.005286
487,59.637926,8.030302
488,59.139273,7.797203
489,59.361401,7.711364
490,59.312754,7.614030
491,59.381391,7.529375
492,58.820443,7.700732
493,58.555573,7.881463
494,58.377927,7.826311
495,58.295627,8.030572
496,58.021735,7.824869
497,58.260645,7.990817
498,58.316446,8.367668
499,58.078152,8.490078
500,58.274427,8.284081
501,58.296085,8.734677
502,57.703086,8.967935
503,57.498504,9.327629
504,57.314970,9.456826
505,57.124878,9.421609
506,57.785376,9.498988
507,57.841471,9.366597
508,57.995553,9.371364
509,57.645428,8.900482
510,57.228470,9.063406
511,57.106508,8.484673
512,56.695695,8.394309
513,57.427879,8.638663
514,57.651118,7.890538
515,57.878332,7.916222
516,58.255708,8.135252
517,58.163632,8.138903
518,57.716937,7.691825
519,57.161362,7.688584
520,56.912010,8.404356
521,56.517421,8.948016
522,55.889534,8.303097
523,55.391832,8.436436
524,55.746369,7.975150
525,55.953626,7.698091
526,55.948079,7.822626
527,56.493800,7.346931
528,56.873185,6.622009
529,57.302462,6.069280
530,57.085976,6.047620
531,56.432655,6.039426
532,56.299125,5.916669
533,56.073812,5.564089
534,56.251552,5.152256
535,56.438472,4.929782
536,56.077986,4.815355
537,56.133575,4.761878
538,56.142652,5.003423
539,55.994119,5.128665
540,56.201324,4.792788
541,56.529219,4.798791
542,56.185016,4.764311
543,55.864668,4.947082
544,55.660111,4.657888
545,55.082173,4.840537
546,54.907595,4.964255
547,55.062409,4.818476
548,54.911944,5.088819
549,54.933941,4.584353
550,54.859593,4.455571
551,54.945594,4.897285
552,55.308247,4.820738
553,55.516509,4.310120
554,55.590050,4.138910
555,55.480896,4.154645
556,55.683128,4.570800
557,55.573409,5.232968
558,55.878349,4.825002
559,55.827368,5.357613
560,56.008929,5.383658
561,55.796000,5.803998
562,56.017248,5.743059
563,55.773715,5.936803
564,55.446812,6.543151
565,54.872831,6.638967
566,55.065382,6.303430
567,54.845030,6.352514
568,55.197772,6.080163
569,54.592725,6.225036
570,54.394536,6.534477
571,54.526086,6.677546
572,54.452666,6.549386
573,54.610539,6.438269
574,54.340166,6.594789
575,54.438663,6.786112
576,54.316891,6.952193
577,54.676165,7.504060
578,55.203047,7.630906
579,55.425331,7.933455
580,55.411661,8.051588
581,55.518544,7.982887
582,55.149903,7.851216
583,55.123855,8.241020
584,55.174536,7.971190
585,55.392494,7.979329
586,55.283962,8.018254
587,55.270278,7.703231
588,55.192976,7.752408
589,55.058844,7.956995
590,55.260630,8.285723
591,55.046655,8.634064
592,54.827197,8.764463
593,54.809853,8.867155
594,55.324071,8.605159
595,55.322010,8.576128
596,55.495888,8.610169
597,55.538606,9.714318
598,55.369970,9.466484
599,55.369923,9.456491
600,55.546436,9.414885
601,55.446758,9.325977
602,55.434306,9.665606
603,55.370136,10.114365
604,55.609539,9.936111
605,55.333931,10.389634
606,54.992061,10.447418
607,55.216776,10.465642
608,55.593560,10.072107
609,55.653406,9.669753
610,55.887403,9.874766
611,55.740172,10.424203
612,55.637038,10.597591
613,55.551982,10.838230
614,55.018346,11.311857
615,55.106685,10.688357
616,55.431059,10.868836
617,56.071364,10.388248
618,56.171390,10.671041
619,56.201617,10.474285
620,56.162675,10.564595
621,56.076767,9.918164
622,56.153220,9.922435
623,55.931926,10.124115
624,56.404687,10.261814
625,56.305653,10.240859
626,56.294017,10.554137
627,56.648164,10.355993
628,56.599550,10.630968
629,56.187764,10.750750
630,56.056540,10.764910
631,56.098886,10.416068
632,56.599214,10.525123
633,56.548093,10.457803
634,56.441569,10.885318
635,56.386324,10.995207
636,56.140501,11.088826
637,56.113012,11.356246
638,55.831933,11.464556
639,55.309219,10.915657
640,55.104963,10.869293
641,54.941185,11.337001
642,54.829200,11.162938
643,55.037489,10.866376
644,55.479649,11.158021
645,55.452150,11.513456
646,55.574294,11.163770
647,55.694461,10.818678
648,56.080538,10.317411
649,56.351932,10.565234
650,56.211879,10.801208
651,56.193806,10.792549
652,56.358062,11.506213
653,55.897494,11.642839
654,55.792655,11.497950
655,55.776338,11.593152
656,55.313198,11.321836
657,54.685613,11.797631
658,54.354240,12.372501
659,54.553889,12.077998
660,54.406400,11.464201
661,54.238473,11.935368
662,54.446174,11.954814
663,54.674512,12.093163
664,54.366845,12.374381
665,54.343425,12.240311
666,53.980420,12.262869
667,54.209153,11.836237
668,53.770735,11.978829
669,53.072379,11.642085
670,52.777934,12.155979
671,53.063866,11.422859
672,53.408463,11.244259
673,53.590802,11.268145
674,53.908582,11.411808
675,54.349209,11.526332
676,54.745908,11.204447
677,54.890431,10.837730
678,55.239237,10.365255
679,55.352508,10.217571
680,55.266922,10.488490
681,55.011349,10.592208
682,55.165926,10.710586
683,55.302376,10.779079
684,54.907038,11.112660
685,54.562671,11.234028
686,54.671148,11.178224
687,54.734781,11.099065
688,54.780189,11.101418
689,54.947929,10.881594
690,55.310901,10.521923
691,55.198102,11.130496
692,55.036529,11.526141
693,55.091224,11.494314
694,54.444865,11.295887
695,54.135958,11.462479
696,54.608389,11.536973
697,54.483509,11.610526
698,54.369013,11.807274
699,54.495062,11.811166
700,54.217212,11.933943
701,54.877265,11.674886
702,55.026633,11.366736
703,55.110408,11.576099
704,55.178187,11.640200
705,55.065257,11.435902
706,54.949541,11.450733
707,54.535223,11.010170
708,54.008887,10.977564
709,54.104916,10.617062
710,54.412797,10.140538
711,54.482957,9.658559
712,54.521107,9.688455
713,54.690907,9.219458
714,54.725403,9.008549
715,54.698201,8.839038
716,54.623941,8.917118
717,54.747520,9.030409
718,55.190235,9.510431
719,55.468045,9.347773
720,55.597126,8.715562
721,56.114098,8.295555
722,56.639104,8.238698
723,56.673397,7.805892
724,57.121487,7.978938
725,57.346050,7.669243
726,57.238899,7.270855
727,56.988385,7.577242
728,56.782599,7.516659
729,56.800342,7.378556
730,56.651245,7.587878
731,56.390207,7.819957
732,55.992605,7.350010
733,56.156342,7.000746
734,56.324415,7.375242
735,56.582432,7.244197
736,56.313318,6.850696
737,56.064665,6.247377
738,55.992228,6.424166
739,56.027972,6.368313
740,56.145476,6.652182
741,56.267801,7.309368
742,55.974432,7.516972
743,56.046000,7.490346
744,56.013899,7.325521
745,55.618539,7.095629
746,55.249707,7.058959
747,55.301062,6.695004
748,54.801576,6.899933
749,54.760580,7.432778
750,54.911526,7.054344
751,55.619854,7.140636
752,55.874528,7.117265
753,56.354042,7.098173
754,56.305846,6.921505
755,56.019990,6.940515
756,56.293346,6.839206
757,56.277774,7.292794
758,56.409288,7.402761
759,56.272746,7.567590
760,56.536972,7.463422
761,56.599532,7.978964
762,56.641837,7.762790
763,57.083024,7.570879
764,57.502446,7.509814
765,57.483415,6.849647
766,57.009225,6.902863
767,56.849199,6.754533
768,56.932560,6.116018
769,57.195195,5.900114
770,57.251365,6.013358
771,57.317417,5.596816
772,57.279845,5.295130
773,57.473295,6.207092
774,57.689984,6.157918
775,57.412870,6.229104
776,57.131169,6.155272
777,57.728687,6.243639
778,57.796196,6.182707
779,57.486130,6.456020
780,57.384806,6.440820
781,57.391515,6.280268
782,57.251334,6.054026
783,56.840860,6.760633
784,56.436353,6.699204
785,55.776668,6.966797
786,55.766163,7.291193
787,55.913309,7.573935
788,56.095994,8.200191
789,56.364513,8.457991
790,56.589238,8.583872
791,56.788833,8.976591
792,57.189539,8.440187
793,56.768239,8.287594
794,56.930458,8.003395
795,56.901003,7.836229
796,57.222116,7.949518
797,57.280486,7.991414
798,56.680401,8.000910
799,56.588932,7.514439
800,56.348729,7.288720
801,56.343985,7.565814
802,56.247316,7.891682
803,56.151858,8.616336
804,56.076946,8.573552
805,56.405487,8.646783
806,56.417428,8.693327
807,56.788306,8.510089
808,57.193345,8.473044
809,57.452177,7.609888
810,57.088068,7.597609
811,57.341161,8.027581
812,57.659718,8.299735
813,57.698864,8.136208
814,57.608418,8.100223
815,57.113880,7.793171
816,57.188163,7.502264
817,57.487492,7.190466
818,57.900649,7.145612
819,58.246422,6.564492
820,58.490242,6.346878
821,58.525103,6.856692
822,58.677300,7.036902
823,58.650519,7.356790
824,58.810837,6.875277
825,59.087462,6.508648
826,59.334227,6.857373
827,59.479023,6.908738
828,59.708656,6.334767
829,59.357523,6.469186
830,59.151306,6.040343
831,59.123462,6.729137
832,58.857312,6.981278
833,58.775782,6.914052
834,58.307144,7.602741
835,57.879036,7.401416
836,57.283373,7.001013
837,56.857193,7.324737
838,57.049127,7.390158
839,56.779172,7.306676
840,57.122498,6.761222
841,57.696270,6.216653
842,58.178409,6.049649
843,58.511356,6.596451
844,58.791178,6.484137
845,58.761239,6.278572
846,58.235201,6.275878
847,58.231577,6.415794
848,58.656362,6.538075
849,58.738592,6.758483
850,58.657954,7.598508
851,57.929696,7.610757
852,57.831457,7.666645
853,57.835241,7.168588
854,57.446887,7.417060
855,57.091834,7.133574
856,56.983072,6.999013
857,57.363163,7.059632
858,57.760929,6.941063
859,57.827954,7.000922
860,57.938595,7.053504
861,57.783814,7.034602
862,58.221148,7.602250
863,58.321895,7.907294
864,58.351873,7.846643
865,58.705492,7.854911
866,58.550093,7.850787
867,58.931214,7.614886
868,59.854133,7.239534
869,60.078599,7.327272
870,60.436634,7.257780
871,60.699536,7.082962
872,60.805579,7.069404
873,60.302116,7.345921
874,60.178348,7.952280
875,60.370799,8.042529
876,60.243634,8.027600
877,59.595535,8.123707
878,58.802631,8.383448
879,58.749760,8.509329
880,58.659125,9.019252
881,58.649924,8.916905
882,58.480083,8.795295
883,57.958336,8.733798
884,57.935615,9.159661
885,57.694144,9.420137
886,57.905154,9.661451
887,58.173937,9.526418
888,57.651162,9.820075
889,57.622865,10.050952
890,57.476428,9.883813
891,57.445311,9.646811
892,57.649948,9.394894
893,57.789330,9.325494
894,57.913181,9.203893
895,57.912135,9.247876
896,57.605470,9.497359
897,57.199328,9.298400
898,57.182583,9.122031
899,57.377796,9.175594
900,57.247893,9.368577
901,57.419011,9.255161
902,57.270111,9.392108
903,57.252125,8.991896
904,56.938072,8.223474
905,57.299371,7.955038
906,57.114981,8.132340
907,56.857254,7.923226
908,56.831555,7.681444
909,57.321568,8.065284
910,57.311762,7.973677
911,57.175532,7.328762
912,57.496593,7.134293
913,57.753470,6.577778
914,57.851314,6.226748
915,57.769584,6.832462
916,57.827419,6.473850
917,57.575971,6.259253
918,57.114087,5.820722
919,56.623953,5.999712
920,56.520761,6.125791
921,56.776435,6.392109
922,56.867059,6.669082
923,56.667275,6.486949
924,56.786996,7.150728
925,56.474517,7.813135
926,56.486430,7.633668
927,56.620285,7.188348
928,57.033080,7.276314
929,57.602531,6.893262
930,57.747372,7.314517
931,57.653757,7.628328
932,57.753496,7.606579
933,57.855758,7.745355
934,58.261921,8.220636
935,58.427885,8.367761
936,58.594643,7.812420
937,58.559542,7.446595
938,58.519920,7.475110
939,59.143833,7.546568
940,58.998560,7.309515
941,59.068621,7.283111
942,59.093916,6.457689
943,59.098226,6.565511
944,58.480566,6.593965
945,58.105524,7.035981
946,57.738799,7.671438
947,56.990905,7.730880
948,56.459685,8.075165
949,56.441765,8.576942
950,56.204115,8.615988
951,56.497312,8.267954
952,56.438726,8.312417
953,55.977540,8.514147
954,56.324819,8.435473
955,55.986949,8.383724
956,55.656388,8.338136
957,55.791251,8.932662
958,55.623159,8.992839
959,55.844099,8.566267
960,55.751601,8.727303
961,55.836521,8.258566
962,55.470344,7.781087
963,55.345586,7.626647
964,55.465452,7.250494
965,55.511099,6.802232
966,55.407695,6.963556
967,54.879142,7.231656
968,54.591199,7.722018
969,54.451063,7.775936
970,54.670662,7.324441
971,54.825177,7.698619
972,54.757521,7.305891
973,54.661040,7.756354
974,54.570567,8.409055
975,55.004346,8.882989
976,54.973712,9.410477
977,55.276849,9.601413
978,55.377324,9.483329
979,55.396704,9.869473
980,55.600081,9.870273
981,55.686986,9.948661
982,55.425995,9.643233
983,55.830350,9.595107
984,55.451901,9.865523
985,55.964183,9.586215
986,56.219958,9.002684
987,56.102434,9.178121
988,55.597789,9.299190
989,55.829230,9.271388
990,55.784789,9.519026
991,55.763128,9.733457
992,56.349451,10.240789
993,56.786024,10.254085
994,57.020560,9.715443
995,56.773859,9.384086
996,56.869144,9.288708
997,56.708205,9.587955
998,56.767741,9.777080
999,55.792073,10.400331
1000,55.382138,11.200332
