# this data file was made with generate_cvs.tcl
# Chains E,F,G,H are on residues 50-69 of chains A through D (present only in the C8 cage models!)
# Chains I,J,K,L are on residues 10-29 of chains A through D (present in both C4 and C8 cage models)
# this script generates CV's for the shotgun simulation restarts
# [frame, distance along z cordinate of protein (0 is center), distance protein is away from the center of the top of the cage in the plane]
0,65.764892,10.408303
1,65.693339,9.949855
2,65.778453,10.541898
3,65.739351,10.998709
4,66.182699,11.014692
5,65.982390,11.403016
6,65.882718,11.545365
7,65.852233,11.578438
8,65.837758,11.846193
9,65.685238,11.755858
10,65.725859,11.567433
11,65.612637,11.127247
12,64.836867,11.629200
13,64.729756,11.208010
14,64.711926,11.254949
15,64.212103,10.902882
16,64.401924,10.507418
17,63.937788,10.906064
18,63.696778,10.349612
19,64.098295,10.335181
20,64.201078,10.244661
21,64.341351,9.670521
22,64.107919,9.575868
23,64.450761,10.065301
24,64.431273,10.638755
25,64.192994,10.724320
26,64.553519,10.579252
27,64.615660,11.105137
28,64.758140,11.416328
29,64.306082,11.106627
30,63.640665,10.752722
31,63.486047,10.505439
32,63.481911,10.233084
33,63.393557,9.761506
34,63.993765,9.905613
35,64.127564,9.754587
36,64.548334,9.295081
37,65.015919,9.301732
38,65.579543,8.652234
39,66.260467,8.266888
40,66.305655,8.290165
41,66.482234,7.769738
42,66.312606,7.741986
43,65.884630,7.984147
44,65.648171,7.467358
45,65.519659,7.269753
46,65.464721,7.073300
47,65.782401,7.219759
48,65.678429,7.385641
49,65.614472,7.199378
50,65.700683,6.794522
51,65.362033,6.306113
52,65.265960,6.520686
53,65.605740,7.174620
54,65.534283,7.033500
55,65.308019,7.006914
56,65.493753,7.510342
57,65.753871,7.399341
58,65.410993,7.852533
59,65.341766,7.982498
60,64.673453,8.082663
61,64.850664,8.058441
62,65.071082,7.979897
63,65.241115,8.478086
64,65.093762,8.253625
65,65.125628,8.365392
66,64.503759,8.626696
67,64.779150,8.493333
68,64.662403,9.025172
69,64.641781,8.719968
70,64.499993,7.907874
71,64.692396,7.861617
72,64.480491,7.723768
73,64.578114,7.198723
74,64.713933,7.483444
75,65.060264,7.629156
76,65.026146,7.352669
77,64.641003,7.616869
78,64.713534,7.850181
79,65.114650,7.689335
80,65.184954,8.125589
81,64.861220,8.254449
82,65.007551,8.016328
83,65.262722,8.228008
84,64.920701,8.458510
85,64.798820,7.850556
86,63.745975,8.303714
87,63.275948,8.776887
88,63.141309,8.343450
89,63.232204,8.296252
90,63.422014,8.319303
91,63.361959,8.342966
92,62.761778,8.856910
93,62.865619,8.990818
94,62.303304,9.360254
95,61.946453,9.436977
96,61.642943,9.448460
97,61.125288,9.336335
98,60.816356,9.438383
99,61.276716,9.551328
100,61.995784,9.467605
101,61.528414,9.299462
102,61.614320,9.394225
103,61.576356,9.080769
104,61.739010,9.085189
105,61.537975,9.563276
106,61.244750,9.711658
107,61.286427,9.261772
108,61.191709,9.362078
109,61.302978,9.372003
110,61.716555,9.587943
111,61.639205,10.023916
112,61.873279,10.088058
113,61.974396,10.120396
114,61.667891,9.731166
115,61.115536,9.606326
116,61.097500,9.554965
117,61.529023,8.996835
118,61.580656,9.193164
119,61.326454,9.052664
120,61.069250,9.098566
121,60.837631,9.694427
122,60.880033,9.389458
123,60.135748,9.755320
124,60.175029,9.403800
125,59.924252,9.481280
126,59.700312,9.188040
127,60.182570,8.472814
128,60.285914,8.342478
129,60.814199,7.962683
130,61.080824,7.230606
131,61.213521,6.805976
132,61.140226,6.602282
133,60.846755,7.079975
134,60.561853,7.494681
135,60.235806,6.848075
136,60.384205,6.325327
137,60.113014,6.228798
138,60.346778,6.462005
139,60.331924,6.667909
140,60.244450,6.911734
141,60.631487,6.624990
142,60.469839,6.682343
143,60.366473,6.542736
144,60.821947,6.711230
145,61.519969,6.609105
146,61.859644,6.288841
147,61.942085,6.331379
148,62.511097,5.974623
149,62.650497,6.065204
150,62.802303,5.682967
151,62.765652,5.940626
152,62.372741,6.457842
153,62.186905,6.419262
154,62.380961,6.575656
155,63.092633,6.600317
156,63.405026,7.052800
157,63.156184,7.267954
158,62.977783,7.521048
159,63.108769,6.984506
160,63.084973,6.562458
161,63.326120,6.417761
162,63.025267,6.945856
163,62.735341,6.516857
164,62.483311,6.352220
165,62.579257,6.749346
166,62.864222,6.831588
167,62.658553,7.084950
168,62.482729,6.979755
169,62.193084,6.865143
170,62.056956,7.013182
171,62.716652,6.745439
172,62.988475,6.841132
173,63.218021,7.167660
174,63.723897,6.532521
175,64.155296,5.640615
176,64.654946,5.608333
177,64.553157,5.292992
178,64.520579,5.386815
179,64.967065,5.661336
180,65.206420,5.383846
181,64.913938,5.761962
182,64.905255,5.757790
183,65.229719,6.018272
184,64.717248,6.047558
185,64.845813,6.115287
186,65.295127,6.414886
187,65.345459,6.355966
188,64.590157,6.790699
189,64.497596,7.173906
190,64.659968,7.377455
191,64.483514,7.308345
192,64.393774,7.136674
193,64.576619,7.869315
194,64.993338,8.177125
195,65.186957,7.270047
196,64.679839,7.117867
197,64.310249,7.065554
198,64.642597,6.564841
199,64.525813,6.716579
200,64.434645,6.960622
201,64.154212,6.701419
202,64.254352,7.195373
203,64.115701,7.096420
204,64.048096,6.902509
205,63.885620,6.749786
206,63.761948,6.832258
207,63.651987,7.171693
208,63.335099,6.860884
209,63.372596,6.864589
210,63.330203,6.477644
211,63.507275,6.409682
212,63.372507,6.592912
213,63.327684,6.215428
214,63.359994,6.127194
215,63.656425,5.862037
216,63.409775,5.977380
217,63.035487,5.849609
218,62.813570,6.057509
219,62.994661,6.216737
220,63.321642,6.123457
221,62.951419,6.664710
222,63.287178,6.461489
223,62.909104,6.518862
224,62.808950,6.524141
225,62.742060,6.575420
226,62.801201,6.290013
227,63.394531,6.068645
228,63.768168,6.237548
229,63.475443,6.340321
230,63.145366,6.075194
231,62.589498,5.634327
232,62.502390,5.035105
233,62.601975,4.690840
234,62.538974,4.421655
235,62.854087,3.920976
236,62.784283,4.053159
237,62.574575,4.041789
238,62.293080,3.782643
239,62.294086,3.553541
240,62.124849,3.565472
241,62.542071,3.545049
242,62.762801,3.530966
243,62.773341,3.013675
244,62.451032,2.651862
245,62.245895,2.984013
246,62.043559,2.916662
247,62.394648,2.702396
248,62.711662,2.755946
249,62.782812,3.048696
250,63.031260,3.638884
251,62.861400,4.017934
252,62.610014,4.083510
253,62.642994,3.956174
254,62.451379,4.119805
255,62.320902,4.008329
256,61.817443,4.361556
257,61.492752,4.112491
258,61.746568,4.510705
259,61.593389,4.801556
260,61.430470,4.601619
261,61.620686,3.952575
262,61.419443,3.827624
263,61.409177,3.227730
264,61.318205,2.799406
265,61.090436,2.788566
266,60.993974,2.784145
267,60.859561,2.249997
268,60.777958,2.110156
269,60.905192,2.105081
270,61.400285,2.041840
271,61.563925,1.897251
272,61.228892,1.786186
273,61.079688,2.461811
274,61.220452,2.575467
275,61.531426,2.234254
276,61.685628,2.210183
277,61.751682,2.247688
278,62.086184,2.593358
279,62.243783,2.886277
280,62.343045,2.762016
281,62.435135,2.486976
282,62.150066,2.413069
283,62.013617,2.194769
284,61.701039,2.299824
285,61.720012,2.261038
286,61.695000,2.754670
287,61.814874,2.941608
288,61.190797,3.416132
289,61.459146,3.608921
290,61.551941,4.016607
291,61.378176,3.920283
292,61.168294,4.268648
293,61.063588,3.843364
294,61.185569,3.724095
295,60.940055,3.454898
296,61.440198,3.343305
297,61.465489,3.325054
298,61.269857,3.319778
299,61.456981,3.014151
300,61.181185,2.529446
301,61.624705,2.191660
302,61.904685,1.843965
303,62.227475,2.428473
304,62.327087,2.685383
305,62.521214,2.779051
306,62.888570,2.328131
307,62.764777,2.042427
308,62.724680,2.726673
309,62.298520,2.515663
310,62.441765,2.718675
311,63.185226,2.336024
312,63.171783,3.076726
313,62.845405,3.436916
314,62.737053,2.924893
315,62.631413,2.883106
316,62.522640,3.266060
317,62.301784,2.956367
318,62.158746,3.523603
319,62.347872,3.450281
320,62.675749,3.662450
321,63.385227,3.146528
322,63.868778,3.382510
323,64.292996,3.158282
324,64.252065,2.540744
325,63.998910,2.629076
326,63.672038,3.058058
327,63.317809,2.906404
328,63.539515,3.227838
329,63.517296,3.131475
330,63.870909,2.787435
331,64.024587,2.352630
332,64.162241,2.610455
333,64.115592,2.650511
334,64.439182,2.498547
335,64.888860,2.220135
336,65.102164,2.258223
337,65.228054,2.324847
338,65.325643,2.860762
339,65.809411,2.601503
340,66.351912,2.764830
341,66.145094,2.878378
342,66.332330,3.246686
343,66.270492,2.947018
344,66.481585,3.129307
345,66.595616,3.175036
346,67.255855,2.889493
347,67.646605,2.705976
348,67.012599,2.902108
349,67.226103,3.407837
350,67.372346,3.879687
351,67.476170,3.738502
352,67.338506,4.105487
353,67.294971,4.063579
354,66.961338,3.947227
355,67.045054,3.444769
356,66.495900,3.760759
357,66.330398,3.986093
358,66.702232,3.905205
359,67.127486,3.774733
360,67.473480,4.327848
361,67.518900,4.679012
362,67.486215,4.336211
363,67.722131,4.019606
364,67.287323,4.176972
365,67.443983,3.749792
366,67.515225,3.617732
367,67.116641,3.692581
368,66.681067,3.763280
369,66.901130,3.910170
370,67.147758,3.558154
371,66.854941,3.094329
372,66.792119,3.130345
373,66.630420,3.045300
374,67.000423,2.872470
375,67.143722,2.671699
376,67.045703,1.790990
377,66.904703,1.964029
378,67.784940,1.872872
379,67.918703,1.958052
380,67.594310,1.707503
381,67.326601,1.700215
382,67.354343,1.873132
383,67.169453,1.911957
384,67.209897,3.340414
385,66.761478,3.046357
386,66.934650,2.839813
387,66.803501,2.956647
388,66.717833,3.114068
389,66.885557,3.857276
390,66.853370,3.987131
391,67.130953,3.859357
392,67.188643,3.680252
393,66.999559,3.961768
394,66.453945,4.259262
395,66.436976,4.256704
396,66.272397,4.098535
397,65.944800,4.461975
398,66.362880,4.170497
399,66.178780,3.522318
400,66.018721,3.809145
401,65.715117,3.461709
402,65.508328,4.095671
403,65.867168,4.056886
404,66.514270,4.055909
405,66.526671,4.510902
406,66.840543,4.289956
407,67.045759,4.492339
408,67.216090,3.962650
409,67.496067,3.422847
410,67.274432,3.411484
411,66.947973,3.623585
412,66.430378,4.080912
413,65.887964,4.284511
414,65.594052,4.395725
415,65.696844,4.642663
416,65.510679,5.004930
417,65.352048,5.092352
418,65.623228,4.693855
419,65.741208,4.633540
420,65.806464,4.405081
421,65.987799,4.712929
422,65.989189,5.139505
423,65.993038,5.165611
424,66.205433,5.472479
425,66.028486,4.797349
426,65.898839,5.003402
427,65.877412,4.326853
428,65.797171,4.581109
429,65.931588,4.832270
430,66.159814,5.000224
431,66.235930,5.506903
432,66.692973,5.116016
433,67.052352,5.329955
434,67.577899,5.261300
435,67.926525,5.194199
436,68.335563,5.528328
437,68.431663,5.486089
438,67.792239,5.822496
439,67.462034,5.884333
440,66.671459,6.330559
441,66.975241,6.428530
442,66.939409,6.558933
443,66.861555,6.151177
444,67.379902,5.457361
445,67.436795,5.351951
446,67.474546,5.334811
447,67.251375,5.460826
448,66.952529,5.778893
449,66.944130,5.893190
450,67.160888,5.910388
451,66.973572,6.579978
452,67.592536,6.043694
453,67.911680,5.741083
454,67.985465,5.583895
455,67.858878,5.923429
456,67.578694,5.779471
457,67.891451,5.835126
458,67.198820,6.264182
459,66.366052,6.345980
460,65.961875,6.781778
461,66.070397,6.506813
462,65.855431,6.523367
463,65.342229,6.795934
464,65.451699,6.552101
465,65.209416,6.065800
466,64.630297,6.257990
467,64.204476,6.482587
468,64.323502,7.694249
469,64.742241,7.931603
470,64.701106,7.554713
471,64.684147,7.905573
472,64.674169,8.800214
473,64.698348,8.737273
474,64.528083,8.314736
475,64.441154,8.466478
476,64.161841,8.727610
477,64.339274,7.903077
478,64.306707,7.369115
479,64.060613,7.675763
480,63.484213,6.923167
481,63.484224,6.381114
482,63.503219,6.239017
483,63.640524,6.062069
484,64.017566,6.073252
485,63.754806,6.207982
486,63.899995,5.966040
487,64.340349,5.989571
488,64.528182,5.733401
489,64.554957,5.672785
490,64.050659,5.329946
491,64.067499,5.166417
492,63.928991,5.347001
493,63.965028,5.563942
494,63.975848,5.359389
495,64.041561,5.173540
496,64.152791,5.410288
497,64.302221,4.932699
498,64.419576,5.061787
499,64.551461,4.949952
500,64.458650,5.023215
501,64.410527,5.199970
502,64.511443,5.210621
503,64.629532,5.050987
504,64.505388,4.832209
505,64.177800,5.193769
506,64.279415,5.379898
507,64.410199,5.183037
508,64.626950,5.870888
509,64.864825,6.104479
510,64.804272,6.159418
511,64.654887,5.997363
512,64.083057,6.408249
513,63.590530,6.910659
514,63.506564,6.826265
515,64.269032,6.528977
516,64.002747,5.887645
517,64.196155,5.362968
518,64.189643,4.343248
519,64.001819,4.422895
520,63.872744,4.281272
521,63.581848,4.606449
522,63.368783,4.969012
523,63.060019,5.088596
524,63.252841,4.948075
525,63.689111,5.069411
526,63.693946,4.976536
527,63.567208,4.970401
528,63.651650,4.770173
529,63.994725,4.747391
530,64.010977,4.756716
531,63.700244,3.899361
532,62.937616,3.444916
533,62.712844,3.371289
534,62.538448,3.451966
535,62.757982,3.380469
536,62.627596,4.150662
537,62.515841,4.700608
538,62.533476,4.790547
539,62.231574,5.317282
540,62.188671,5.236100
541,62.369974,4.835026
542,62.522999,4.956064
543,62.563612,4.762397
544,62.603123,4.400631
545,62.956884,4.137205
546,63.404917,4.118547
547,63.172691,4.355265
548,62.916847,4.496704
549,62.945771,4.626828
550,63.240462,4.571763
551,63.151156,3.914646
552,62.989454,3.973171
553,62.758006,3.880796
554,62.616903,4.263292
555,62.536767,4.161284
556,62.835450,2.990688
557,62.626387,3.048123
558,61.973486,3.876230
559,61.437175,4.171378
560,61.699676,3.993082
561,61.920176,3.314296
562,61.981816,3.406789
563,62.062585,2.667608
564,61.485719,2.936663
565,61.176816,3.204294
566,60.527308,3.139668
567,60.823477,3.714175
568,60.489471,3.403337
569,60.435364,3.432454
570,60.558544,3.534149
571,60.995283,3.519438
572,61.377389,3.283129
573,61.719464,3.420061
574,61.695471,3.535745
575,62.273099,3.376080
576,62.616695,3.569345
577,62.431314,3.314652
578,62.456970,3.176942
579,62.268928,3.704795
580,62.549932,3.273102
581,62.823117,3.305501
582,62.920652,2.894586
583,62.597981,3.200561
584,63.078539,3.364366
585,63.574112,3.807045
586,64.001734,3.923009
587,64.075793,4.437627
588,64.129300,4.245072
589,64.646209,4.564405
590,64.853268,4.183128
591,65.088076,4.153642
592,65.085281,4.255633
593,64.619651,4.091814
594,63.847282,4.010482
595,63.342289,3.794123
596,63.498925,3.650747
597,63.146189,3.487769
598,62.642634,3.398135
599,62.411376,3.582118
600,62.359265,3.767772
601,62.388988,3.958829
602,62.361386,3.919613
603,62.134264,3.411658
604,62.251735,2.805707
605,62.330220,2.722113
606,61.994850,2.395802
607,62.054222,2.706399
608,62.484506,2.859417
609,62.684691,2.692669
610,63.146510,3.222611
611,62.992770,2.813085
612,63.199590,2.335439
613,63.264984,2.267141
614,63.365891,2.763132
615,63.629226,2.888083
616,63.430290,3.090003
617,63.224370,3.499790
618,63.239672,4.115703
619,63.197737,4.743358
620,62.622149,4.234741
621,62.512630,3.649900
622,62.664840,3.616588
623,63.035579,3.443416
624,62.994802,3.720123
625,63.579278,3.603285
626,63.797613,2.885950
627,63.419457,3.131451
628,63.203572,3.571776
629,63.123727,4.242102
630,62.961391,4.033759
631,63.121542,3.061961
632,62.998979,2.684009
633,63.109735,2.254676
634,63.562307,2.289683
635,63.263986,1.945962
636,62.933031,2.126702
637,62.963659,2.692200
638,62.776031,3.306555
639,62.843537,3.638961
640,63.017949,3.917727
641,62.907749,3.769863
642,62.858391,3.948088
643,62.966632,3.929226
644,63.118153,3.466661
645,63.231853,3.760265
646,63.247590,4.043840
647,63.129869,3.745113
648,63.221948,3.466385
649,63.045661,3.803546
650,62.962903,3.821606
651,62.985696,3.943739
652,63.338806,4.144654
653,63.512258,3.810961
654,63.594535,3.256649
655,63.625709,3.347694
656,63.474667,3.123938
657,63.643106,3.564209
658,64.153161,3.957954
659,63.903004,3.260015
660,63.857244,2.736515
661,63.651580,2.765481
662,63.651892,3.207518
663,63.747915,3.524455
664,64.010992,3.805448
665,63.638990,3.587628
666,62.816778,3.664662
667,62.851250,3.015334
668,62.999671,3.057573
669,63.245766,2.881223
670,62.597234,3.234835
671,62.228691,4.046074
672,62.194037,4.193388
673,61.886336,4.051816
674,62.001556,4.368133
675,61.692096,4.505523
676,61.909536,4.596557
677,61.836669,4.811036
678,61.928349,4.338609
679,61.859354,4.334515
680,62.229882,5.034353
681,62.441363,4.977093
682,62.012445,4.994245
683,62.257709,5.121629
684,62.792415,4.712445
685,62.792839,4.714249
686,62.987399,4.804135
687,63.123180,5.239491
688,62.936544,5.433986
689,62.962822,4.954693
690,62.516764,5.596609
691,62.963050,4.976574
692,63.067460,5.201524
693,62.911820,5.482472
694,62.529660,5.438883
695,62.631370,5.620138
696,62.620626,5.970296
697,62.435002,6.570817
698,62.277342,6.484973
699,61.948818,6.778432
700,62.135806,6.815157
701,61.601384,7.375148
702,61.421034,7.100922
703,61.205895,6.544600
704,61.299474,7.180746
705,61.031382,8.129837
706,60.626874,8.326841
707,60.825879,8.283427
708,60.779402,8.222332
709,60.590119,8.084270
710,60.595311,8.362484
711,61.210301,7.843347
712,60.885043,7.605462
713,60.676076,7.584681
714,60.697386,8.375012
715,61.129370,8.033481
716,61.311402,8.163588
717,61.648914,8.333705
718,61.908128,8.065790
719,62.002562,8.100724
720,62.038587,8.001874
721,62.158917,7.640420
722,62.197679,7.183563
723,62.242518,7.326751
724,62.213544,7.192597
725,62.646616,6.827003
726,62.656933,6.929021
727,62.223814,6.959272
728,62.055913,6.721953
729,62.243619,6.412562
730,62.190447,6.046467
731,62.183678,6.019651
732,62.027510,6.102198
733,62.289617,6.644544
734,62.525127,6.852345
735,62.631162,6.880632
736,62.827290,6.506169
737,62.549594,6.333134
738,62.315635,6.381678
739,62.391817,5.938098
740,62.578236,5.950666
741,62.767350,5.843813
742,63.115852,5.725351
743,63.054172,5.678265
744,63.261646,5.669362
745,63.397921,5.346945
746,63.626868,5.089615
747,63.784815,5.557049
748,63.866435,5.506589
749,63.679128,5.126396
750,64.112229,4.424114
751,64.439851,3.421958
752,64.353018,3.192280
753,64.406320,3.215570
754,64.465256,3.416559
755,64.352420,4.823050
756,64.918636,4.800183
757,64.539216,4.465371
758,64.652777,4.446183
759,64.887287,4.465334
760,65.092697,4.537762
761,65.151013,4.454014
762,65.107718,4.277177
763,65.048388,4.485643
764,64.768477,4.300960
765,64.310928,4.081452
766,64.270258,4.008068
767,64.313809,4.712197
768,63.813250,4.561651
769,63.742318,4.723558
770,63.476650,4.993043
771,63.874836,4.740272
772,63.832748,4.521020
773,63.977322,4.488861
774,63.851766,3.858617
775,63.848087,3.874731
776,63.670930,4.047519
777,63.777523,4.193039
778,64.063868,4.187923
779,64.001926,4.160906
780,64.130146,4.093248
781,64.303516,4.051511
782,64.548732,3.886503
783,64.475116,4.519015
784,64.520834,4.540666
785,64.143517,4.402615
786,63.789405,4.029367
787,63.230111,4.412493
788,63.067374,4.449018
789,62.917972,4.158412
790,62.841352,4.148478
791,62.652919,4.755360
792,62.347059,5.280004
793,62.360779,5.556671
794,62.454656,5.397980
795,62.343239,5.067450
796,62.275012,4.893314
797,62.671594,4.602800
798,63.123841,4.577320
799,63.369201,4.805096
800,62.954859,5.092962
801,62.939220,5.091615
802,63.175130,5.375649
803,63.889547,5.229217
804,64.255751,4.969013
805,64.001463,4.823781
806,64.034278,4.854234
807,63.742681,4.921621
808,63.879359,4.562867
809,63.942973,4.270335
810,63.942025,4.207226
811,63.790017,4.186603
812,63.946658,4.025397
813,64.331389,3.597313
814,64.672668,3.292806
815,64.669096,2.636703
816,64.686653,2.513602
817,64.567428,2.556404
818,64.858207,2.554131
819,65.360120,2.223908
820,65.237406,2.706937
821,64.860180,2.663961
822,64.816096,2.753739
823,64.750567,2.153477
824,64.448918,2.311033
825,65.003299,2.702054
826,65.302633,2.727451
827,65.089800,2.941294
828,65.169200,2.605693
829,65.096174,2.364690
830,65.045748,2.329527
831,64.458776,2.189550
832,64.084093,1.872863
833,64.406184,1.616009
834,64.677248,1.722555
835,64.444587,1.914023
836,64.115724,1.963994
837,63.520434,2.378566
838,63.150381,1.861964
839,63.215817,1.760966
840,63.129480,1.420378
841,63.404776,1.238429
842,63.207141,1.370974
843,63.102041,2.416044
844,62.334806,3.133857
845,62.324886,3.457639
846,62.530417,3.535666
847,63.013190,3.910878
848,63.246327,4.010655
849,63.271345,3.999853
850,63.330237,3.992135
851,63.008417,4.857741
852,63.222249,4.762649
853,63.471263,4.842154
854,63.569860,4.482521
855,63.943702,4.640524
856,64.020646,4.750380
857,63.552338,4.788361
858,63.597932,4.776685
859,64.046020,4.664910
860,64.081397,4.572174
861,64.499244,4.694270
862,64.491411,4.544309
863,64.235145,4.698512
864,64.570485,4.466118
865,65.061671,4.805642
866,65.005132,4.554318
867,64.840879,4.822177
868,64.654005,4.804791
869,64.718312,5.209451
870,64.579446,5.205072
871,64.754959,5.078296
872,64.666052,5.179046
873,64.622428,5.407834
874,65.101755,5.606734
875,65.011387,5.730692
876,65.259557,5.658910
877,65.271061,5.249031
878,65.146135,5.172708
879,64.803701,4.904495
880,64.467945,5.371375
881,64.462078,5.509202
882,64.731410,6.247309
883,64.853912,5.833243
884,65.045268,5.954737
885,65.913081,5.232783
886,65.662083,5.641505
887,66.133139,5.088436
888,65.957470,5.165614
889,65.632010,5.478718
890,65.150697,5.726830
891,64.769886,5.858102
892,64.263789,5.578959
893,64.439313,5.684047
894,64.367061,5.676158
895,64.796161,5.534303
896,65.217710,5.403038
897,65.065486,4.988996
898,65.207725,5.095205
899,65.864526,5.448949
900,66.002664,5.821091
901,65.620081,5.870702
902,65.081147,5.767244
903,64.841950,5.410099
904,64.737469,5.272871
905,64.184443,5.331144
906,64.099555,4.973470
907,64.196603,4.842956
908,64.173055,5.221203
909,64.077669,5.831833
910,64.052257,5.739983
911,64.580771,4.796956
912,64.436059,4.398354
913,64.578248,3.717693
914,64.395562,3.639948
915,64.580863,3.489100
916,65.259611,3.245035
917,65.261216,3.542007
918,65.334653,3.849596
919,65.496512,3.670501
920,65.468147,4.009498
921,65.378416,3.990649
922,65.127310,4.348507
923,64.518275,4.165234
924,64.002705,4.734101
925,63.916898,5.039248
926,64.421745,5.487745
927,64.703149,5.178165
928,64.785822,4.927310
929,64.602269,4.903351
930,64.421537,4.602825
931,64.839536,5.029772
932,65.169104,5.145512
933,65.281757,5.473172
934,64.972746,4.795168
935,65.291693,4.683419
936,65.028606,4.940953
937,64.844110,5.148598
938,64.733004,5.498663
939,64.833682,5.253352
940,64.419882,5.140399
941,63.936044,4.860161
942,63.752823,4.144595
943,63.606871,4.694479
944,63.441116,4.801131
945,63.527986,5.100116
946,63.505049,4.459457
947,63.068835,4.492481
948,62.863777,4.144401
949,62.624136,3.927446
950,62.604269,3.807029
951,62.577526,3.564906
952,62.537629,3.473649
953,62.264889,2.952071
954,62.748926,2.802722
955,63.015362,2.806202
956,62.886130,2.890900
957,62.862836,2.420011
958,62.581920,2.484856
959,62.379893,2.738333
960,62.164049,2.969970
961,61.917232,3.023945
962,61.727658,3.330437
963,61.700437,3.120671
964,61.984919,2.753647
965,62.539855,2.269533
966,62.552296,2.457836
967,62.697705,2.754329
968,62.583581,3.203443
969,62.406316,3.418563
970,62.336611,3.664053
971,62.520930,4.096755
972,62.396315,4.542549
973,62.666241,4.423708
974,62.345868,4.369780
975,62.014437,4.640127
976,62.093167,4.869257
977,61.640726,5.546512
978,61.628400,5.661122
979,61.556123,5.548462
980,61.518562,6.319763
981,61.375329,6.400351
982,61.761399,6.367828
983,61.971461,6.311726
984,61.920305,6.241472
985,62.263185,5.907384
986,62.438617,5.822087
987,62.079359,5.848403
988,61.544252,6.574449
989,61.611929,6.430389
990,61.420891,6.623775
991,61.778936,6.090539
992,61.909565,5.705743
993,62.119510,5.918546
994,61.650958,5.766865
995,61.210025,6.073409
996,61.259237,6.273388
997,61.383846,6.754072
998,60.988005,6.746888
999,61.037766,6.639051
1000,60.897921,6.375973
