# this data file was made with 
# Chains E,F,G,H are on residues 50-69 of chains A through D (present only in the C8 cage models!)
# Chains I,J,K,L are on residues 10-29 of chains A through D (present in both C4 and C8 cage models)
# this script generates CV's for the shotgun simulation restarts
# [frame, distance along z cordinate of protein (0 is center), distance protein is away from the center of the top of the cage in the plane]
0,37.027344,14.471318
1,37.170474,15.020534
2,37.806130,15.106094
3,38.582987,14.762668
4,39.299515,14.842999
5,39.401343,14.611416
6,40.347345,14.502149
7,40.655483,14.942179
8,40.708859,15.088363
9,41.863526,14.822276
10,42.208690,15.091909
11,42.028648,15.502754
12,42.386506,15.189555
13,42.791209,15.569000
14,42.864325,15.361050
15,42.663675,15.256919
16,42.476820,14.920703
17,42.539606,14.710744
18,43.051327,14.956865
19,43.379717,15.071635
20,43.739003,14.922094
21,44.076665,15.126053
22,43.809284,15.158250
23,43.974717,15.064412
24,43.973691,14.813834
25,43.733363,15.113615
26,43.768533,14.879511
27,43.823006,15.485933
28,43.954345,15.374680
29,44.075297,15.560957
30,44.042575,15.094262
31,44.203587,14.819210
32,44.460973,14.865299
33,44.330048,14.692272
34,44.396756,14.343571
35,44.175920,14.680973
36,44.250452,15.037409
37,43.993906,14.592932
38,43.936077,14.486412
39,44.078767,14.299596
40,43.588269,14.117142
41,43.279266,13.483445
42,43.533384,13.205118
43,43.969711,13.266488
44,44.240953,12.699402
45,44.575091,12.515338
46,44.479648,12.548519
47,45.016637,13.436138
48,44.864971,13.811228
49,44.443597,13.989607
50,44.163965,14.582519
51,43.505361,14.624184
52,43.196473,14.039815
53,43.195682,13.686481
54,43.043846,13.766978
55,43.207902,14.054974
56,43.390478,14.407843
57,43.641482,14.208017
58,43.651677,13.884229
59,43.382463,13.785426
60,42.994629,14.395638
61,42.547949,14.499084
62,42.469826,14.418509
63,42.701855,14.522655
64,43.097946,14.536103
65,42.972912,14.755593
66,42.557618,14.398704
67,42.717559,14.369632
68,43.104580,14.313940
69,43.216529,14.386944
70,43.328153,14.523784
71,43.733122,14.117790
72,43.671506,14.171480
73,43.693489,14.094522
74,43.456564,14.040444
75,43.277916,14.009178
76,43.299860,13.777071
77,43.418760,13.537485
78,44.010248,13.452026
79,44.228022,13.178147
80,44.259621,13.649996
81,44.193414,14.253496
82,44.105010,14.960042
83,43.826762,15.612768
84,43.626134,15.807998
85,43.309937,15.279002
86,43.094547,15.648715
87,42.630743,15.438719
88,42.512035,15.438361
89,41.949190,15.632364
90,41.952420,15.533320
91,41.911805,15.191976
92,41.643851,15.121577
93,42.147146,14.938283
94,42.358658,14.656126
95,42.688861,14.695380
96,42.449432,14.799107
97,42.134623,14.716075
98,41.761633,14.909934
99,42.015457,14.957617
100,42.041345,15.302780
101,42.116285,14.961612
102,42.295018,14.444455
103,42.399020,14.188082
104,42.065853,14.150101
105,42.134198,14.398892
106,42.001874,14.286284
107,41.909204,14.201538
108,42.367314,13.792392
109,42.497072,14.141056
110,42.373732,14.025832
111,42.599968,13.929427
112,42.489664,14.098660
113,42.741077,13.802181
114,43.060958,13.691025
115,43.019203,14.220591
116,42.877378,14.579911
117,42.554270,14.612063
118,42.338677,14.481263
119,42.114801,14.522598
120,41.917680,14.540606
121,42.124305,14.535112
122,41.650448,14.612907
123,41.921241,14.337658
124,42.077788,14.358433
125,41.816707,14.627515
126,41.731342,14.676922
127,41.595991,14.558624
128,41.458714,14.796991
129,41.881384,15.033954
130,41.544060,14.828683
131,40.813630,14.848482
132,40.458965,14.482735
133,40.292318,14.309924
134,40.938908,14.364971
135,41.204471,14.185409
136,41.335792,14.498985
137,41.189718,14.619995
138,40.965912,14.676601
139,41.246075,14.596238
140,41.098300,14.430258
141,40.897884,14.158683
142,40.752373,14.369245
143,40.823647,13.862051
144,40.562328,13.982171
145,40.217237,14.181085
146,40.456225,13.894843
147,40.210901,13.659142
148,40.008786,13.565137
149,39.969056,13.303799
150,39.926902,12.918237
151,40.139607,12.540832
152,40.293124,12.521803
153,41.003714,12.411054
154,40.983270,11.924635
155,41.175805,11.749195
156,40.763372,11.777776
157,41.237508,11.141212
158,41.177654,10.944930
159,40.876286,10.892969
160,41.071622,11.023945
161,41.328817,11.462313
162,41.448231,11.468444
163,41.318731,11.294584
164,41.552679,11.723709
165,41.484948,11.504824
166,41.624809,11.260046
167,41.502988,11.059441
168,41.336045,11.014977
169,41.099433,11.698282
170,41.248580,11.397434
171,41.506352,11.261369
172,41.955488,11.364351
173,42.065096,11.382357
174,42.239494,11.333886
175,42.437994,11.371237
176,42.253199,11.632167
177,42.215768,11.423411
178,41.391935,11.291900
179,41.520000,10.817134
180,41.379380,10.654213
181,41.458760,10.602784
182,41.269172,10.334859
183,41.583702,10.473591
184,41.425749,10.547016
185,41.967727,10.232676
186,41.731286,10.108770
187,41.572260,10.685389
188,41.729923,10.851421
189,41.830537,10.393728
190,41.713510,10.241337
191,41.061158,10.362879
192,41.558039,10.231305
193,41.722219,10.870388
194,42.093641,10.905376
195,42.677196,11.081596
196,42.401403,11.011932
197,42.452861,10.997887
198,42.384264,11.126888
199,42.247711,10.944731
200,42.287446,11.054360
201,42.161157,10.934343
202,41.692942,11.252768
203,41.306540,11.713299
204,41.073497,11.837592
205,40.853253,11.295158
206,40.882737,11.252371
207,40.922656,10.779267
208,40.555217,10.832457
209,40.329325,10.337046
210,40.363277,10.444516
211,40.552403,10.631286
212,40.589184,10.663530
213,40.748319,11.196438
214,40.955562,11.175562
215,41.228589,10.969507
216,41.295383,10.733954
217,41.510840,10.741641
218,41.541794,10.413608
219,41.054334,10.140974
220,40.550056,10.401017
221,40.694608,10.179016
222,40.309956,10.203141
223,39.965347,10.357180
224,40.188483,11.239870
225,40.203290,11.290559
226,39.482424,11.345739
227,39.926303,11.190002
228,39.995184,11.362805
229,40.321536,11.367398
230,40.368370,11.356436
231,40.398158,10.953384
232,40.637771,11.011384
233,40.890103,10.678001
234,41.041058,10.918763
235,41.523407,11.270415
236,42.005062,11.182913
237,42.008324,10.985392
238,42.255122,10.445692
239,42.118061,10.097487
240,41.564837,10.610476
241,41.113606,10.616554
242,40.747696,10.992147
243,40.196684,11.217719
244,39.834454,11.193876
245,39.939847,11.137749
246,39.705169,10.986767
247,39.258806,11.720673
248,39.622329,11.710878
249,39.628974,11.527510
250,39.452180,11.201018
251,39.913658,10.982686
252,39.917566,10.969696
253,39.964659,11.311889
254,40.140035,11.465991
255,40.697243,11.777847
256,40.921905,11.847130
257,41.444430,11.816327
258,41.375144,11.660652
259,41.545940,12.155401
260,41.915718,12.029872
261,41.674309,11.823515
262,41.367779,11.953140
263,41.499400,11.829267
264,42.094827,12.286027
265,42.299719,12.569681
266,42.158259,12.650975
267,42.179520,13.066560
268,42.340580,12.728329
269,42.648069,12.666234
270,43.066281,12.728815
271,42.985690,12.254008
272,42.861058,12.499918
273,42.407594,12.500470
274,42.074501,12.173951
275,42.457253,11.713861
276,42.158096,11.777786
277,42.222040,12.156374
278,42.375492,12.253562
279,42.519125,12.465717
280,42.336542,12.331409
281,42.814596,11.836100
282,42.833302,11.886727
283,42.814205,11.431520
284,42.571603,11.617542
285,42.335441,11.022760
286,42.075350,11.542899
287,42.245261,12.068931
288,41.963053,12.257177
289,41.691717,12.492963
290,41.604837,12.498183
291,41.220784,12.593610
292,41.419551,12.721990
293,41.686544,12.525321
294,41.252696,12.814445
295,40.701722,12.692654
296,40.352619,12.729734
297,40.531143,12.765028
298,40.883196,12.260414
299,41.054005,12.564447
300,40.773416,12.937581
301,40.262526,13.418683
302,39.920496,12.855534
303,39.721827,12.689845
304,39.901059,12.756189
305,40.069432,12.490558
306,39.817471,12.147063
307,40.003387,11.940916
308,40.459700,12.108423
309,40.773712,11.958969
310,40.672979,11.753765
311,40.429138,11.906752
312,40.210342,11.543913
313,40.514582,11.325661
314,40.972571,11.236515
315,41.379967,11.263350
316,41.713145,11.232200
317,42.180586,11.868793
318,42.445626,11.149027
319,41.875068,10.961638
320,42.005399,10.037807
321,42.358591,10.057132
322,42.911432,10.394034
323,42.824423,10.155396
324,42.756689,10.258177
325,42.438434,9.914282
326,42.307508,9.538231
327,42.608689,9.648420
328,42.613433,9.470746
329,42.554583,9.308247
330,42.445502,9.389801
331,42.728891,9.166706
332,42.781635,9.294242
333,42.700579,9.070142
334,42.760228,8.995499
335,43.038083,9.523046
336,42.957758,9.708097
337,43.268971,9.275532
338,43.581260,9.295623
339,43.493852,9.055745
340,43.701594,9.019624
341,43.669105,8.190865
342,43.601724,8.117450
343,43.525111,8.153960
344,43.200906,7.836377
345,43.325893,7.991504
346,43.474773,7.687805
347,43.477986,7.915713
348,43.255121,7.479206
349,43.049919,7.878560
350,43.158220,8.203521
351,43.479345,8.071371
352,43.140458,8.019839
353,43.205149,7.884912
354,43.285509,7.871005
355,42.973791,8.493359
356,43.053573,8.872729
357,43.234683,8.921019
358,43.027066,9.180182
359,43.077170,9.682213
360,43.098185,9.641028
361,42.679504,9.943104
362,42.681466,10.287575
363,42.457183,10.225899
364,42.714349,10.096051
365,42.740359,10.313755
366,42.761877,9.908747
367,41.978817,9.661410
368,42.344930,9.538068
369,42.502803,9.969802
370,42.490436,9.765303
371,42.217791,9.765188
372,42.406029,9.323473
373,42.630521,9.405135
374,43.259588,9.430032
375,43.793404,10.195798
376,43.925456,10.649096
377,43.465624,10.457516
378,43.595737,10.094323
379,43.927548,10.098738
380,43.960014,9.973845
381,43.845513,10.356177
382,44.088823,10.025184
383,44.269061,10.061924
384,44.489194,9.718883
385,43.699781,9.958098
386,43.226845,10.611804
387,43.197279,10.845394
388,43.248368,10.933308
389,43.336888,11.409210
390,43.109452,11.413639
391,43.318121,11.563960
392,43.416510,11.209266
393,43.510257,11.026374
394,43.276547,11.465803
395,43.287685,11.254132
396,43.290775,11.621389
397,43.014079,12.328481
398,42.931391,12.370593
399,42.616888,12.496302
400,42.287705,12.628918
401,42.524464,12.762832
402,42.676764,12.086382
403,43.005562,12.344790
404,42.975737,12.083892
405,42.498174,12.190952
406,42.259990,11.957277
407,42.538149,11.492892
408,42.316513,11.421037
409,42.464980,11.261775
410,42.649188,11.004140
411,42.584270,10.290916
412,42.319353,9.899653
413,42.360494,9.639078
414,42.480018,10.239904
415,42.216026,10.416929
416,42.169197,10.266723
417,42.371528,10.430837
418,42.979516,10.319581
419,42.890504,9.886214
420,42.581107,9.721254
421,42.541755,9.606744
422,42.687147,9.404169
423,42.950529,9.219788
424,43.935473,8.747802
425,44.466459,9.076884
426,44.564301,9.095568
427,44.623499,9.592058
428,44.422519,9.446902
429,44.434267,9.502291
430,44.498983,9.459557
431,44.749501,9.329876
432,44.983509,9.621382
433,45.235779,9.103573
434,45.207467,9.296017
435,45.637341,9.513571
436,45.492823,9.904084
437,45.116363,9.773966
438,44.939725,9.443650
439,45.102078,9.129166
440,44.752262,9.382811
441,45.296200,8.702581
442,45.433090,8.673029
443,45.329870,8.491779
444,45.458343,8.638342
445,45.825138,8.518720
446,46.858466,8.198358
447,46.676890,8.049014
448,46.716940,7.868448
449,46.937754,7.901963
450,46.748780,7.701076
451,46.759992,7.898450
452,46.560551,8.146179
453,46.511193,8.109470
454,46.544681,7.830407
455,46.318766,7.657119
456,46.376381,8.250185
457,46.178334,8.493531
458,46.341399,8.234130
459,46.072912,8.299090
460,45.999004,7.895184
461,46.082900,8.074517
462,45.866953,8.354870
463,45.566678,8.855279
464,45.710392,8.928188
465,46.025331,8.812106
466,46.084850,8.778882
467,46.000328,8.411158
468,46.100310,8.661082
469,46.218334,9.079146
470,46.572789,9.310378
471,46.520993,9.139660
472,46.607476,9.374356
473,46.805933,9.263616
474,47.433875,8.672492
475,47.905293,8.573354
476,48.253798,8.487024
477,48.516929,8.760455
478,48.785074,8.810247
479,48.661982,8.564247
480,48.472095,8.617884
481,48.500818,8.591773
482,48.155747,8.602168
483,48.071899,9.068410
484,48.069582,8.400504
485,47.918740,8.293785
486,47.619465,8.544793
487,47.959627,8.617675
488,47.685811,8.309089
489,47.435757,8.515141
490,47.317696,8.956395
491,46.650754,8.714946
492,46.700766,8.318964
493,46.571865,7.931175
494,46.631498,7.934526
495,46.840066,7.706037
496,47.162621,7.544470
497,46.984092,7.523391
498,46.653557,7.485182
499,46.662797,7.765634
500,46.874632,7.720040
501,47.041528,7.313888
502,47.291112,7.055444
503,47.372288,7.020893
504,46.813097,7.001119
505,46.530019,6.811604
506,46.185730,7.035614
507,46.460873,7.040019
508,46.507805,7.231308
509,46.811677,8.057654
510,46.912056,8.207413
511,46.664384,8.185082
512,46.311016,8.115158
513,46.538645,7.752661
514,46.424489,7.806670
515,46.568862,7.496978
516,46.686008,7.354889
517,46.667684,7.026501
518,46.440510,6.993845
519,46.248685,7.093439
520,46.059664,6.892880
521,45.987527,6.601942
522,45.509418,6.929200
523,45.430092,6.749684
524,45.824074,7.058000
525,45.065586,7.494014
526,44.662303,7.139229
527,44.379189,7.096011
528,43.916727,6.948877
529,43.834345,7.297847
530,43.996268,7.361745
531,43.888615,7.395130
532,43.953158,7.100384
533,44.239693,6.955635
534,44.348894,7.071227
535,44.573860,7.081380
536,44.634522,7.445647
537,43.993426,7.742355
538,43.944668,7.359359
539,44.214773,7.122652
540,44.733670,7.118183
541,44.737113,7.179268
542,44.754163,7.114468
543,44.845299,6.882058
544,45.327389,6.910098
545,45.515589,7.195694
546,45.292441,7.381800
547,44.717396,7.432248
548,44.731994,7.462353
549,44.710347,7.870440
550,44.874582,7.906511
551,44.836631,7.610217
552,44.973677,7.817928
553,44.621907,7.912571
554,44.299231,7.785971
555,44.128302,7.570064
556,44.290324,7.021456
557,44.112162,6.819674
558,44.126844,6.980244
559,44.267684,6.895136
560,44.097842,7.126093
561,44.276611,6.421632
562,44.355227,6.131164
563,44.251895,6.718112
564,44.284352,6.735807
565,44.275064,6.777202
566,44.005219,6.980173
567,43.946990,7.440695
568,43.836211,7.326989
569,44.369991,7.028044
570,44.603149,7.232135
571,44.828417,7.284613
572,45.172916,7.170585
573,45.621600,7.076661
574,45.748155,6.742868
575,45.925048,6.783596
576,46.299029,6.445204
577,46.441935,6.194206
578,46.499634,5.778664
579,46.564749,5.987810
580,46.774471,6.548196
581,46.968252,6.862888
582,46.987208,6.856540
583,46.587139,6.894801
584,46.444094,6.920770
585,46.471078,6.478753
586,46.419136,6.566265
587,46.815619,6.297523
588,46.424934,6.740210
589,45.874129,6.958120
590,45.594698,7.081380
591,45.202647,7.106756
592,45.316741,7.165443
593,45.912556,7.273280
594,46.338040,7.142388
595,46.315063,6.733213
596,45.831812,6.782288
597,45.261213,6.798320
598,45.170281,7.328673
599,45.192340,7.475860
600,45.715062,7.780135
601,46.238488,7.436943
602,46.270105,7.371226
603,46.036016,7.688076
604,45.905214,8.220681
605,46.040742,8.050245
606,45.675329,7.857911
607,45.352420,8.426485
608,45.493647,8.518287
609,46.181567,8.988893
610,46.219456,9.431296
611,46.347020,8.978555
612,46.842598,8.795202
613,46.966113,8.574075
614,46.627628,8.634781
615,47.009232,8.302620
616,47.070034,8.178228
617,46.721330,8.103280
618,46.861069,8.176898
619,46.788162,8.123709
620,46.700248,8.084550
621,46.188658,8.345607
622,45.806738,8.732816
623,45.998909,8.679898
624,45.851004,8.468335
625,45.335778,8.924472
626,45.191473,8.923257
627,44.968863,8.950836
628,44.637770,8.656862
629,44.377012,8.676746
630,44.249563,8.770609
631,44.231549,9.030556
632,43.642084,9.269089
633,43.529563,9.854026
634,43.449219,10.126880
635,43.309079,10.151455
636,43.579804,10.324160
637,43.570619,10.371885
638,43.444824,10.663455
639,43.248098,10.968840
640,43.596263,11.479499
641,44.014063,11.087630
642,43.414701,11.067282
643,43.187325,11.161769
644,43.274295,11.513318
645,43.746947,11.233494
646,44.286754,11.037118
647,44.817543,10.737904
648,44.759703,10.757326
649,45.000167,10.966968
650,45.528474,11.397523
651,45.175338,11.005440
652,45.027604,10.609216
653,45.204148,10.974671
654,45.326032,11.137410
655,45.708559,10.819368
656,45.478230,10.101263
657,45.668525,10.397418
658,45.742445,10.051888
659,45.794361,9.412008
660,45.676066,9.235464
661,45.382217,10.032043
662,45.539601,9.988542
663,45.876591,10.090592
664,46.230963,9.884882
665,46.777466,9.673710
666,46.899500,10.011580
667,47.321405,9.637703
668,47.844545,9.638558
669,48.174167,9.761173
670,48.076616,9.384662
671,47.530854,9.485971
672,47.004137,9.956650
673,46.683581,10.198130
674,47.327627,10.373287
675,47.536932,10.434070
676,47.668728,10.934785
677,48.092572,11.269691
678,48.677034,11.011149
679,48.841252,10.739650
680,48.978539,10.835546
681,48.600979,11.182956
682,47.961746,11.032093
683,47.691540,10.915754
684,47.672571,10.829267
685,47.436937,11.035309
686,47.371299,10.745146
687,47.521362,10.260318
688,47.559464,10.156428
689,47.300220,10.462831
690,47.150231,10.675629
691,47.086830,10.669765
692,47.180236,10.646398
693,46.885122,10.568991
694,46.415464,10.638712
695,46.582375,10.163635
696,46.860711,10.404779
697,46.944395,10.329634
698,46.757744,10.077915
699,46.789471,9.958288
700,46.915561,9.857343
701,47.220038,9.874442
702,47.496279,9.392172
703,47.871324,9.341647
704,48.540562,9.127948
705,48.018266,9.654253
706,47.935913,9.965340
707,47.740303,9.947737
708,47.516437,9.914601
709,47.290436,10.574592
710,47.191685,10.821187
711,47.259167,10.619729
712,47.231168,10.592494
713,46.985584,10.543030
714,46.468208,10.597812
715,46.039502,10.722397
716,45.998696,10.646127
717,45.764451,10.676304
718,45.903376,10.623425
719,45.330947,11.264551
720,44.811075,11.635997
721,44.758720,11.685408
722,44.461562,11.414257
723,43.972851,11.634119
724,44.364325,11.894821
725,44.237338,12.148905
726,44.500007,12.019248
727,44.708992,12.124522
728,44.876106,12.011861
729,44.921692,11.672675
730,45.166571,11.204915
731,45.291365,11.156870
732,45.092420,10.907817
733,45.050804,11.082699
734,45.168627,11.020115
735,45.354105,10.740724
736,45.740766,10.517334
737,45.939223,10.588526
738,46.123281,9.812911
739,46.126038,10.183755
740,46.270000,9.973076
741,46.357367,10.019596
742,46.461842,10.064177
743,46.265540,10.840702
744,46.036576,10.748229
745,45.869482,10.504907
746,45.741592,10.320558
747,45.935002,10.071609
748,45.189966,10.377311
749,45.102967,10.498933
750,45.390977,10.175833
751,45.162059,10.044687
752,44.959659,10.725114
753,44.855696,10.596274
754,44.943656,10.109789
755,44.863998,10.407853
756,44.879205,10.618491
757,44.849616,10.181910
758,45.014772,9.784472
759,44.611975,9.654843
760,44.732824,9.331247
761,44.508957,8.998825
762,44.294097,9.255014
763,44.692813,9.157014
764,44.882185,8.942532
765,45.223428,9.271016
766,45.540374,8.735507
767,45.915809,8.537341
768,45.865718,8.568682
769,45.667805,8.589807
770,45.545190,7.954816
771,45.256204,7.622875
772,45.214170,7.565621
773,45.682510,7.645791
774,45.842578,7.564476
775,45.702582,7.929831
776,46.008501,8.065916
777,45.971675,8.425040
778,46.383207,8.512674
779,46.026324,8.511767
780,45.995159,8.350792
781,46.315027,7.415745
782,46.551838,7.475156
783,46.528777,7.383932
784,46.297324,6.755979
785,46.903916,6.842586
786,47.811672,6.766691
787,47.830185,6.843935
788,48.032954,7.610564
789,48.418963,7.674396
790,48.276939,7.786990
791,48.579016,7.918584
792,48.745941,8.239662
793,49.146657,8.573499
794,49.285357,8.915150
795,49.577763,8.824885
796,49.713389,8.613184
797,49.938109,8.738568
798,50.106757,9.122657
799,49.759180,8.834659
800,49.465093,8.585488
801,48.527782,8.736781
802,48.236796,9.112853
803,47.964551,9.304179
804,47.729472,9.175523
805,47.672278,9.154686
806,47.769217,8.564987
807,47.529857,8.485030
808,47.578696,9.052717
809,47.449138,9.040568
810,47.537644,9.122976
811,47.548117,9.028085
812,47.822695,9.529166
813,48.142427,9.340342
814,48.397949,8.914703
815,48.377511,9.106823
816,48.176217,9.547535
817,48.288950,9.500158
818,48.714459,9.284892
819,48.978938,9.462472
820,48.917610,9.263094
821,48.969856,9.228906
822,49.373266,9.354075
823,49.550505,9.091121
824,49.558613,9.017782
825,49.586519,8.837123
826,49.985637,8.405373
827,49.818154,8.409444
828,50.025551,8.456209
829,50.267737,8.100618
830,50.356154,8.298333
831,50.251065,8.356574
832,50.100407,8.020781
833,50.426753,8.247165
834,50.311856,8.730796
835,50.317104,8.656011
836,49.965914,8.503996
837,50.085962,8.374821
838,49.984613,8.265259
839,50.140318,8.041933
840,49.766300,8.256990
841,49.982262,7.991050
842,50.044392,8.127372
843,49.546196,8.062318
844,49.578904,8.371001
845,49.571980,8.746290
846,49.845417,8.603655
847,49.965154,8.752208
848,49.684465,8.823632
849,50.005794,8.842282
850,49.752200,8.812792
851,49.756888,9.025551
852,50.103033,9.155318
853,50.152373,9.015916
854,50.457951,9.172582
855,50.071235,9.308776
856,49.963350,9.309257
857,49.649247,8.829942
858,49.377133,8.568513
859,49.402120,8.053064
860,49.352084,7.834140
861,49.205247,7.403515
862,49.053976,7.059289
863,49.087946,7.300148
864,48.803584,7.547598
865,48.675587,7.842880
866,48.489941,7.585412
867,47.855660,7.385233
868,47.764658,7.068808
869,47.633837,7.191817
870,47.653845,7.128576
871,48.034537,6.499637
872,48.230232,5.975794
873,48.130692,5.614506
874,47.794063,5.286910
875,47.444761,5.509477
876,46.874991,5.832714
877,46.807437,5.839028
878,46.814715,5.965201
879,46.297108,5.906015
880,46.668849,6.008531
881,46.819696,5.913347
882,46.955844,5.922737
883,46.633800,5.967928
884,46.573773,6.207305
885,46.621170,6.482924
886,46.610270,7.011716
887,46.769273,6.990116
888,46.890918,6.816225
889,47.066373,6.430990
890,47.316180,6.483946
891,47.156848,6.705686
892,47.122787,6.814486
893,47.424480,6.911159
894,47.413039,6.696770
895,47.493455,6.679817
896,47.237739,7.397170
897,47.102183,7.199166
898,47.282705,7.297603
899,46.929013,7.162359
900,46.481276,7.049541
901,46.530677,7.114705
902,46.231323,7.452629
903,46.323824,7.758223
904,46.015272,8.300792
905,46.139084,7.974565
906,45.696231,7.974411
907,45.713223,7.915649
908,45.533689,7.973661
909,45.805034,8.163839
910,45.956839,8.233405
911,45.490690,7.939428
912,45.802157,7.784134
913,45.517819,7.994930
914,45.654312,8.537133
915,45.442781,8.934249
916,44.950724,9.018138
917,44.296230,9.361620
918,44.210029,9.780544
919,43.837022,9.789981
920,43.527251,9.859258
921,43.696191,9.945323
922,43.713668,9.737539
923,43.430688,9.682401
924,43.557600,9.829654
925,43.528629,9.711009
926,43.517573,10.145372
927,43.517445,10.227835
928,43.486432,10.248941
929,44.345230,9.972262
930,44.716227,9.787844
931,45.087514,10.443126
932,45.325679,10.779523
933,45.365862,10.953346
934,45.925482,11.178204
935,46.291302,11.203004
936,46.181756,11.634541
937,46.226425,11.473834
938,45.940858,11.960347
939,45.394620,11.286875
940,44.823970,11.372381
941,44.793825,11.441684
942,44.387642,11.565674
943,44.221140,11.764678
944,43.900217,11.646699
945,44.054586,11.493552
946,43.822736,11.197468
947,43.906897,11.199335
948,44.002309,11.489227
949,43.707732,11.151095
950,43.925494,11.357474
951,43.823414,11.401102
952,43.502928,11.503171
953,43.418111,11.842396
954,43.014349,11.974240
955,42.544227,12.034522
956,42.628729,12.265652
957,43.025231,12.449824
958,43.559210,12.745522
959,43.415788,13.057162
960,43.104386,13.693987
961,42.786107,14.117129
962,42.781372,14.311716
963,42.231256,14.141796
964,42.109160,14.146258
965,42.156994,14.328178
966,42.478457,14.252915
967,42.336782,14.149054
968,42.457661,13.577553
969,42.554970,13.448827
970,42.389003,13.445629
971,42.569014,13.771271
972,42.721923,13.713977
973,42.425368,13.321540
974,42.223821,13.179359
975,42.831482,13.287352
976,42.901750,12.847233
977,42.474140,13.515194
978,42.560774,13.959857
979,42.851907,13.925729
980,42.880334,13.980972
981,42.913494,14.112619
982,43.006540,14.550308
983,42.614211,14.458326
984,42.277244,14.123812
985,42.181958,14.071185
986,42.474857,14.008683
987,42.828007,14.163621
988,43.129942,14.164377
989,42.953328,14.645616
990,42.880154,14.729406
991,42.869375,14.712548
992,42.555477,14.466280
993,42.763179,14.389228
994,43.173699,14.095620
995,43.380439,14.213205
996,43.050863,14.275446
997,43.096535,14.374652
998,43.236487,13.935135
999,43.109487,14.317804
1000,43.351267,14.538391
