# this data file was made with 
# Chains E,F,G,H are on residues 50-69 of chains A through D (present only in the C8 cage models!)
# Chains I,J,K,L are on residues 10-29 of chains A through D (present in both C4 and C8 cage models)
# this script generates CV's for the shotgun simulation restarts
# [frame, distance along z cordinate of protein (0 is center), distance protein is away from the center of the top of the cage in the plane]
0,37.072165,14.633959
1,37.087829,14.283158
2,37.941586,14.285037
3,38.953426,14.366136
4,39.264043,14.587423
5,39.606358,15.110853
6,40.201172,15.534848
7,40.326770,16.176169
8,40.238791,16.725307
9,40.802525,16.007934
10,41.120636,16.043715
11,41.723640,15.960567
12,41.665537,15.905418
13,41.584790,15.621222
14,41.367256,15.781107
15,41.680213,16.405361
16,42.200198,16.299402
17,42.102813,16.441450
18,42.470172,16.062728
19,42.981163,16.232703
20,43.590294,16.086357
21,43.788536,16.149561
22,43.985146,16.304194
23,43.815258,16.054560
24,43.837328,15.994004
25,43.122410,16.014381
26,42.891713,16.595761
27,42.672493,16.742198
28,42.518816,16.520891
29,42.761336,15.748210
30,42.883142,16.294555
31,42.710166,16.173348
32,42.371205,16.103161
33,42.492004,16.028819
34,42.306195,16.091836
35,42.438779,16.284523
36,42.927141,15.897366
37,42.582952,16.057597
38,42.690789,16.689917
39,42.333245,16.680241
40,42.415056,15.839044
41,42.455638,15.475578
42,42.325337,15.027009
43,42.337453,15.322840
44,42.091205,15.953890
45,41.724098,16.086686
46,41.442690,15.370113
47,41.431039,14.816896
48,41.032049,14.442484
49,41.150864,14.164401
50,41.585602,13.875227
51,42.290476,13.554898
52,42.238174,13.635109
53,42.365153,13.892893
54,42.912572,14.502754
55,42.999344,14.910219
56,43.365707,15.074422
57,43.718553,14.537916
58,44.088870,13.692437
59,44.183649,13.150322
60,44.096296,12.915005
61,44.194044,12.547216
62,43.894151,12.755034
63,43.947624,12.906813
64,44.144785,12.909200
65,44.132058,12.743681
66,43.758045,13.219799
67,43.385126,13.121978
68,43.335955,13.274288
69,43.447889,13.693807
70,43.010436,13.792023
71,42.817677,13.512471
72,43.247050,12.929788
73,43.430583,12.916462
74,42.985876,12.998780
75,42.399592,13.207103
76,42.225229,13.237213
77,42.491275,13.432545
78,42.538118,13.014457
79,42.568711,12.923376
80,42.038593,12.400499
81,41.855955,12.685051
82,41.859160,12.424100
83,41.998314,12.824031
84,42.064678,12.748242
85,41.946786,12.396264
86,41.981262,12.153252
87,41.928840,11.987038
88,42.044306,11.961771
89,42.424896,11.872304
90,42.935282,12.067404
91,43.079312,11.782889
92,43.374163,11.510919
93,43.254987,11.862442
94,43.467530,11.636925
95,44.075666,11.839380
96,44.089510,11.316397
97,44.194849,11.233639
98,44.096386,11.502219
99,44.096934,11.393446
100,44.149970,10.912523
101,44.055060,11.180349
102,43.232433,11.987757
103,43.252264,12.045207
104,43.663066,12.128269
105,43.581990,11.892710
106,43.364781,11.270074
107,43.358413,11.023640
108,43.608246,10.844110
109,43.499221,11.131581
110,43.740936,10.971987
111,43.659358,11.061843
112,43.855443,11.042365
113,43.722678,11.361984
114,43.609553,11.377818
115,43.694513,10.655868
116,43.519955,10.609316
117,43.400248,10.437388
118,43.737843,10.356416
119,43.596861,10.208726
120,44.100804,10.157037
121,44.820978,9.938268
122,45.184279,9.596452
123,45.164226,9.830443
124,45.072188,10.237893
125,44.832724,10.571385
126,44.626811,10.273652
127,44.531311,10.172862
128,44.278440,10.665976
129,44.193495,10.979180
130,44.735915,10.961472
131,44.497331,10.753474
132,44.588647,10.353650
133,44.751547,10.743668
134,45.341328,10.364935
135,46.009923,9.848833
136,46.617459,9.202364
137,46.546264,9.182746
138,46.588191,8.970899
139,46.661370,9.055807
140,47.019271,8.677766
141,47.419676,8.909597
142,47.898053,9.416044
143,47.651412,9.670519
144,46.743496,9.890905
145,46.653970,9.517628
146,46.878497,9.688335
147,47.475111,9.413787
148,47.298090,9.279856
149,47.841013,8.928611
150,48.633839,8.729588
151,49.069873,8.341899
152,49.273421,8.346740
153,48.837900,8.255964
154,48.762956,8.500924
155,48.974122,8.105817
156,48.474009,8.116996
157,47.961344,8.103911
158,47.519031,8.465949
159,46.898088,8.661605
160,46.781111,8.557087
161,46.898684,8.725143
162,47.063620,8.547785
163,47.592236,9.003029
164,48.167245,9.376079
165,48.180253,9.047311
166,48.690421,8.768108
167,49.067933,8.561782
168,49.323563,7.683486
169,49.282772,7.632546
170,49.336060,7.664997
171,49.706577,6.920690
172,49.295289,6.905474
173,49.150880,7.229863
174,49.383455,7.326579
175,49.755559,7.150945
176,50.002103,7.431033
177,49.441772,7.208863
178,49.669248,7.597596
179,49.604547,7.911181
180,49.752781,8.199129
181,49.798007,8.253504
182,49.629010,8.565930
183,49.432686,8.882721
184,49.160129,8.637155
185,48.793124,8.633872
186,49.015975,8.547827
187,48.433740,8.594382
188,47.661517,8.578046
189,47.473091,9.067636
190,47.216693,9.138717
191,47.098051,9.154297
192,47.717069,9.100438
193,47.681829,9.005682
194,47.273739,9.360036
195,46.562327,9.894501
196,46.840506,9.485881
197,47.521843,9.219631
198,47.911561,8.449130
199,47.782779,8.551715
200,47.821425,8.488265
201,47.584677,8.184889
202,47.409324,7.828565
203,47.786693,8.410111
204,47.575902,8.507546
205,47.558906,8.383782
206,47.765492,8.390551
207,48.027062,8.353146
208,47.625904,8.385168
209,47.888012,8.338467
210,47.750330,8.662549
211,48.017288,8.765368
212,48.453354,8.172317
213,48.583221,7.843707
214,48.881188,7.252376
215,48.579861,7.329899
216,48.149820,7.183983
217,48.285442,7.260235
218,48.509934,7.054611
219,48.294779,7.030179
220,48.444770,6.693218
221,48.700820,6.889923
222,48.242664,7.480060
223,47.528146,8.168663
224,47.518842,8.300073
225,47.529331,8.105244
226,47.046321,8.312405
227,47.467302,8.683001
228,47.293316,8.760169
229,47.567401,8.617902
230,48.128135,7.916693
231,48.425814,7.868191
232,48.362850,7.736331
233,49.038702,7.766950
234,49.365986,8.017576
235,50.094426,8.548390
236,50.860051,8.864827
237,51.243573,8.967673
238,51.840456,9.138206
239,51.799441,9.043543
240,51.857838,9.448700
241,52.268826,9.360206
242,52.574495,9.240813
243,52.326705,8.554801
244,52.636552,8.245541
245,52.442192,8.076523
246,51.757534,8.659191
247,51.151017,8.830153
248,51.365139,8.657756
249,51.157189,8.397600
250,50.406070,8.515757
251,50.358566,8.450586
252,50.305929,8.286056
253,49.950301,8.809031
254,49.197245,8.928083
255,48.817823,8.547555
256,49.002797,8.311378
257,49.067368,8.632669
258,49.398120,8.414439
259,49.505412,8.212317
260,49.510335,8.382866
261,49.787423,8.504221
262,49.466874,8.922947
263,49.034219,8.814903
264,48.822517,8.397265
265,48.174632,8.158212
266,47.825331,7.908772
267,47.561042,7.930537
268,47.401219,7.374123
269,47.623992,7.667131
270,47.809485,7.689264
271,48.125580,7.497492
272,48.546642,7.178904
273,48.504392,7.473212
274,48.814066,7.515521
275,48.950687,7.284180
276,48.841682,7.640957
277,48.681829,7.921504
278,48.211910,8.343487
279,47.649952,8.714615
280,47.514171,8.645550
281,47.412695,8.843853
282,47.454925,8.434304
283,46.974809,8.327203
284,47.244609,7.913117
285,47.544552,7.570295
286,47.425592,7.702123
287,47.568050,7.439871
288,47.687300,7.621351
289,47.132749,7.741913
290,47.300606,6.830811
291,47.065391,6.774433
292,47.167874,6.455892
293,47.573567,6.700854
294,47.876524,7.073921
295,47.474122,6.998873
296,47.453156,6.856118
297,46.759994,6.950089
298,46.810558,6.697249
299,46.452698,6.374472
300,46.255514,6.802523
301,45.501737,6.657392
302,44.816602,6.263401
303,44.572624,6.897259
304,44.275077,7.131215
305,44.303997,6.950451
306,44.315536,6.706777
307,43.962015,6.509473
308,43.996882,6.130999
309,44.135314,6.415276
310,44.707363,6.285740
311,44.953045,6.752599
312,45.431654,6.471032
313,45.360562,6.312433
314,45.045485,6.659654
315,45.138698,6.239943
316,45.471335,6.490722
317,45.866147,6.536096
318,45.622344,6.534214
319,45.479871,6.960805
320,45.650823,6.962810
321,46.303583,6.786447
322,46.201528,6.888254
323,46.457802,6.365184
324,46.807043,5.979070
325,46.970978,5.572936
326,47.557113,6.264515
327,47.470277,6.774984
328,47.394483,6.693098
329,47.688214,6.496617
330,47.434451,6.759617
331,47.366211,6.654130
332,47.468705,6.512438
333,47.211749,6.613878
334,47.096303,6.552588
335,47.152094,6.758869
336,46.949504,7.157638
337,46.808883,7.101549
338,46.736414,7.118316
339,47.256464,6.912508
340,47.370637,6.906637
341,47.381514,6.650639
342,47.171903,6.685723
343,47.463276,6.905348
344,47.632773,7.073584
345,48.246077,7.411695
346,48.204552,6.879846
347,48.327998,6.493669
348,48.264291,6.362042
349,48.005544,5.875535
350,48.141644,6.163531
351,48.448138,5.593744
352,48.433543,5.556601
353,48.775842,5.192746
354,49.097116,5.066705
355,49.187141,5.024100
356,49.368954,4.934743
357,49.160589,5.484538
358,48.937711,6.225130
359,48.663624,6.111060
360,48.106158,5.472434
361,47.758918,5.349136
362,48.021713,5.284132
363,48.232245,5.136653
364,47.855815,4.602776
365,47.653863,4.065422
366,47.691434,4.342387
367,48.080257,4.533629
368,48.176696,4.533891
369,47.977052,4.928562
370,48.250123,4.900626
371,47.839285,4.870123
372,48.149492,4.941805
373,48.508001,4.013328
374,48.537984,3.454157
375,48.121012,3.266732
376,48.285739,2.971324
377,47.774074,3.044062
378,47.371754,3.178631
379,47.542875,2.806712
380,47.392234,2.915532
381,47.356984,3.058755
382,47.728008,3.400687
383,48.073160,3.302742
384,48.010325,3.714845
385,47.587070,4.010664
386,47.713701,3.936322
387,48.045326,4.086856
388,48.156824,4.329339
389,47.917931,4.692072
390,47.672476,5.007205
391,48.095330,4.858675
392,48.282841,4.569405
393,48.359704,4.361487
394,48.108813,4.510374
395,47.696323,4.231777
396,47.561595,4.779652
397,47.351078,5.115528
398,47.676298,5.171092
399,47.618953,4.993216
400,47.731332,3.987470
401,47.647182,4.090783
402,47.462339,3.869783
403,47.421080,3.744966
404,47.659608,3.385063
405,47.439389,3.031831
406,47.183588,3.570181
407,47.372297,3.890470
408,47.338486,3.669830
409,47.299242,4.086128
410,47.611841,3.908688
411,47.594394,4.038710
412,47.512482,4.524871
413,47.301883,4.560995
414,47.271597,4.737624
415,47.559996,5.285976
416,47.584660,4.827734
417,47.516616,4.502698
418,47.247833,3.977113
419,46.837794,4.092767
420,46.838247,3.924412
421,46.608972,4.141583
422,46.608824,3.982559
423,46.843152,4.328005
424,47.311934,4.522976
425,47.997357,4.556768
426,48.183708,4.732240
427,47.968415,5.023038
428,47.959274,5.247642
429,48.001365,5.067879
430,48.189739,4.854659
431,48.229119,5.177453
432,47.881663,4.847423
433,47.912206,4.902794
434,47.650437,4.994511
435,47.446610,5.191178
436,47.637608,4.808882
437,48.235808,4.637550
438,48.509051,4.196898
439,48.200717,4.163306
440,47.552712,4.556634
441,47.865429,4.413545
442,48.023171,4.562899
443,47.987263,4.663635
444,48.068706,4.566551
445,48.224709,4.531256
446,48.174482,4.694712
447,47.751625,5.001490
448,47.950837,5.236724
449,48.571263,5.369975
450,48.648277,5.074886
451,48.271575,5.069918
452,48.337364,4.738054
453,48.585575,4.523556
454,48.817818,4.860986
455,49.077731,5.036479
456,49.084449,4.723908
457,49.053014,4.676576
458,49.019141,5.031599
459,48.852408,5.398339
460,49.407188,5.384513
461,49.690895,5.517507
462,49.354751,5.673077
463,48.921642,5.741557
464,49.068059,5.564240
465,49.029651,5.525690
466,48.681799,5.645526
467,48.596960,5.130244
468,48.463753,4.805992
469,48.730339,4.711295
470,48.489165,4.576158
471,48.384401,4.618406
472,48.499064,4.538159
473,48.847878,4.779730
474,49.369721,4.974482
475,49.121301,5.356582
476,49.221411,5.730757
477,48.757531,5.693518
478,48.623638,5.393422
479,48.356828,5.030554
480,48.822672,5.156150
481,49.038419,5.273786
482,49.314277,5.341475
483,49.363290,5.417177
484,49.438955,5.261339
485,48.866348,4.863888
486,48.402775,5.227131
487,47.765812,5.556311
488,47.887913,5.802647
489,47.481353,5.536342
490,47.173664,5.328896
491,47.130816,5.604739
492,46.924972,6.020527
493,46.960895,6.148049
494,46.374258,5.952901
495,45.970599,5.904248
496,46.188005,5.622882
497,46.558064,6.180982
498,46.231410,6.825228
499,46.166227,6.573129
500,46.376350,6.366475
501,46.360636,6.401137
502,46.368707,6.015140
503,46.608726,6.527773
504,47.086505,6.689281
505,47.570806,7.078573
506,48.228144,6.906529
507,48.326284,6.337622
508,48.353783,5.839970
509,48.767361,5.700440
510,48.517028,5.155408
511,48.405250,5.187265
512,48.306675,5.090129
513,48.008315,5.343613
514,47.945306,5.330023
515,48.274193,5.004236
516,48.240919,5.462867
517,48.674050,5.635152
518,49.220482,5.694906
519,49.440301,5.479737
520,49.399794,5.704518
521,49.843826,5.555134
522,50.023572,5.696839
523,49.878294,5.291042
524,50.397835,5.449765
525,50.698626,5.517211
526,50.709667,5.797038
527,50.740089,5.340995
528,50.865365,5.331768
529,51.097785,5.586962
530,50.897075,5.963700
531,50.772711,5.869062
532,50.704971,6.200510
533,50.808700,5.751909
534,50.572722,6.045462
535,50.478519,6.475552
536,50.325374,6.637664
537,50.451724,6.838278
538,50.291820,7.046847
539,50.120075,7.243006
540,49.973095,7.364915
541,49.941734,7.282307
542,49.562139,7.234282
543,49.443924,6.735966
544,49.667129,6.676059
545,49.500113,6.700902
546,49.080345,6.832749
547,48.867598,7.186118
548,48.298773,7.561635
549,48.077247,7.875200
550,47.951374,8.234414
551,47.859127,8.454751
552,47.709325,8.306870
553,48.067110,8.254197
554,47.829581,8.070984
555,47.296843,8.010439
556,47.003590,8.003919
557,46.783279,7.566451
558,46.826403,7.579769
559,47.163772,7.572528
560,47.494430,7.228703
561,47.278085,7.164178
562,47.761794,6.651014
563,47.989425,6.177417
564,47.906390,6.308948
565,47.694203,5.879337
566,47.881710,5.900457
567,48.497164,5.525361
568,49.207235,5.372903
569,48.673127,5.334037
570,48.703489,4.907828
571,48.463507,4.495774
572,48.500496,4.794227
573,48.601278,4.843941
574,48.137234,4.958913
575,47.730278,5.294810
576,46.964225,5.748464
577,46.467341,5.730413
578,46.562931,5.859551
579,46.560387,5.914499
580,46.448747,5.884705
581,46.369806,5.951530
582,46.072022,5.954527
583,45.701137,5.784562
584,45.551721,5.630453
585,45.702274,5.981793
586,45.740047,6.038763
587,45.875910,6.257026
588,45.488990,6.019863
589,45.320262,6.184750
590,45.680972,6.167051
591,45.751306,6.507237
592,45.098621,6.758543
593,45.236008,6.506345
594,45.294465,6.181870
595,45.571720,5.964196
596,46.025724,6.556256
597,46.465173,6.952097
598,46.815327,6.842878
599,46.937580,7.037437
600,47.424209,7.513498
601,47.655185,7.423538
602,47.904399,7.838847
603,48.156903,7.617085
604,48.404418,7.817939
605,48.474111,7.737262
606,48.213332,7.925901
607,47.722080,8.088426
608,47.540197,7.260348
609,47.511830,6.755330
610,47.616120,6.934421
611,47.680099,7.321285
612,47.648778,7.369149
613,47.925727,7.512651
614,48.398231,7.837261
615,48.941649,7.933358
616,49.626077,7.999961
617,50.245630,8.474284
618,50.759282,8.051389
619,50.749473,8.160317
620,50.379423,8.419633
621,50.627024,8.400841
622,50.427132,8.589158
623,50.060127,9.026462
624,50.119344,8.746302
625,49.904704,8.949560
626,49.790254,9.057854
627,50.324393,8.828622
628,50.829690,8.092332
629,50.550615,8.321722
630,50.521800,8.713309
631,50.457088,8.476733
632,50.607081,8.527444
633,50.504006,8.258277
634,50.279773,7.959194
635,50.429092,8.233519
636,50.246463,8.400312
637,50.164097,8.672976
638,50.043417,8.474988
639,49.781183,8.492463
640,49.194374,8.553854
641,48.716286,8.525619
642,48.265587,8.600319
643,48.679534,8.924318
644,49.288293,8.606381
645,49.939260,9.030147
646,49.827212,9.289739
647,49.638901,9.274215
648,49.481950,9.148507
649,49.550765,9.623657
650,49.523025,9.863992
651,49.695845,10.094647
652,49.651396,10.290644
653,49.683566,10.581144
654,49.416569,10.839426
655,48.945721,10.460275
656,49.225014,10.290310
657,49.500463,10.410896
658,49.645259,10.264134
659,49.767452,9.664099
660,49.500845,9.700372
661,49.711022,9.500642
662,49.920872,9.469684
663,50.113369,10.013930
664,50.160991,10.078223
665,50.348757,9.645340
666,50.425834,9.635447
667,50.447442,10.484386
668,50.174269,10.558219
669,50.318489,10.639079
670,50.280642,10.750103
671,50.226816,11.065146
672,50.071638,11.138746
673,50.452695,11.113801
674,50.387092,10.794725
675,50.261649,10.332758
676,50.231594,9.520419
677,49.470727,9.946818
678,49.377388,10.543745
679,49.584571,10.586196
680,49.281941,11.003928
681,48.719357,10.808060
682,48.322908,11.084917
683,48.265580,10.658731
684,48.267054,10.731626
685,48.317930,11.046763
686,48.351796,11.811574
687,48.101233,11.872218
688,47.869143,12.246952
689,48.207415,11.927062
690,48.522576,11.597114
691,48.803119,11.732273
692,48.429540,11.365183
693,48.609466,11.320571
694,48.712450,10.782051
695,48.613851,10.872370
696,48.706226,10.235871
697,48.331028,10.479915
698,47.738830,10.497819
699,47.921454,10.391490
700,47.501908,10.697491
701,47.238813,10.256100
702,47.476426,10.231963
703,47.119477,10.333961
704,46.654812,10.184593
705,46.422887,10.202508
706,46.574218,10.518415
707,46.895100,10.595039
708,46.830434,11.101436
709,46.996805,11.302572
710,46.924104,11.416979
711,47.266874,12.073324
712,47.640222,11.729591
713,47.962664,11.615149
714,48.120277,11.660817
715,48.355230,11.363490
716,48.037572,11.462153
717,47.672238,11.660648
718,47.349162,11.802078
719,46.924319,11.883653
720,46.809658,11.668168
721,47.119916,11.330900
722,47.492371,11.390926
723,48.210898,11.051387
724,48.295321,11.478702
725,48.191441,10.931950
726,47.776073,10.836311
727,46.910729,10.855472
728,47.159014,10.605153
729,47.248735,10.123094
730,47.429533,10.390867
731,47.454812,10.324296
732,46.713352,10.031602
733,46.381876,9.528947
734,46.354120,9.769234
735,46.250017,9.390051
736,46.284230,9.190041
737,45.884297,9.311580
738,46.111984,9.001279
739,46.398949,9.110936
740,46.339328,9.405499
741,46.082823,9.388272
742,46.258387,9.415256
743,46.416318,9.640764
744,46.826614,9.518660
745,46.713107,9.462286
746,46.553709,9.086521
747,47.223182,9.289528
748,47.355192,9.029901
749,47.275462,9.214372
750,47.281949,8.804034
751,47.227237,8.586869
752,47.431108,8.791851
753,47.605194,8.446357
754,47.553304,8.242330
755,47.450260,8.227464
756,47.640271,8.506057
757,47.833707,8.719556
758,47.636920,8.509221
759,48.128018,8.555393
760,48.466477,9.168851
761,48.855676,9.166072
762,48.459924,9.499793
763,48.409711,10.000534
764,48.194684,10.203233
765,48.496260,10.014939
766,48.688853,10.227621
767,48.972683,10.527463
768,49.408490,11.156643
769,49.462759,11.369559
770,49.607472,11.488432
771,49.403597,11.698945
772,49.335339,11.254392
773,49.545226,11.641715
774,49.156225,11.471862
775,49.312935,11.116411
776,49.284493,10.976144
777,49.223322,11.333008
778,49.342071,11.884805
779,49.261851,12.462326
780,49.362830,12.644973
781,49.396142,12.429210
782,48.969249,12.385360
783,48.864238,11.918038
784,47.993677,12.089046
785,47.625655,11.581608
786,47.529572,11.316083
787,47.846247,11.765651
788,47.121452,11.551769
789,46.732489,11.693393
790,46.658137,11.965661
791,46.806544,11.930412
792,46.803982,12.375357
793,46.250810,13.041308
794,45.942681,13.590622
795,46.130920,13.536169
796,45.920712,13.585627
797,45.901062,13.400565
798,45.950882,13.339379
799,45.842685,13.451367
800,46.097603,13.207491
801,45.985728,12.432912
802,45.916192,12.835066
803,46.024877,12.412572
804,46.280320,12.573369
805,46.774988,12.524305
806,46.445961,12.691057
807,46.316795,12.794756
808,46.697564,13.014071
809,46.618273,13.135954
810,47.310827,12.025389
811,47.400745,11.897856
812,47.193471,11.752944
813,47.650713,11.384570
814,47.560484,11.621830
815,47.433580,11.591708
816,47.371618,11.263814
817,47.037242,11.315595
818,47.055210,10.950111
819,47.157776,10.891091
820,47.139581,10.922771
821,46.872636,11.443813
822,46.734122,11.710416
823,46.684162,11.156551
824,46.295614,10.812754
825,45.651248,11.177790
826,45.321706,10.515710
827,45.174137,10.621713
828,45.128311,10.078445
829,45.253504,9.899364
830,45.224461,10.361385
831,45.083313,10.048457
832,45.185798,10.047383
833,45.455151,9.619838
834,45.207790,9.489225
835,45.478659,9.104421
836,45.858461,9.169946
837,46.424507,9.460569
838,46.859235,9.417111
839,47.128698,9.850928
840,47.775720,9.469651
841,48.321816,9.660030
842,47.957558,9.693269
843,48.043762,9.549982
844,47.742598,9.248517
845,47.842331,9.208494
846,48.207790,9.285774
847,48.207375,8.863235
848,48.005161,8.981827
849,48.088742,8.767315
850,48.156901,9.007503
851,48.498202,8.475198
852,49.056089,8.841913
853,48.580817,9.476755
854,48.654536,9.852101
855,48.375859,9.445102
856,47.513858,9.294126
857,46.875972,9.613267
858,46.195402,9.735573
859,46.484499,9.929808
860,46.556744,10.007929
861,46.407786,10.487920
862,45.899374,10.797949
863,46.105811,10.969813
864,46.579400,10.513461
865,47.008068,10.194971
866,47.003573,10.208119
867,47.000709,9.885961
868,47.373208,9.936876
869,47.392200,9.820398
870,47.233645,9.331023
871,47.442556,9.184476
872,46.927752,9.530865
873,46.461384,9.209227
874,46.247748,9.352133
875,46.273251,9.186721
876,46.009156,9.049658
877,45.563477,9.464454
878,45.215185,9.316239
879,44.617931,9.477296
880,44.250207,10.092663
881,44.041969,10.111897
882,44.087170,9.182694
883,43.939718,9.185291
884,44.056565,9.764088
885,44.269178,9.491105
886,44.381832,9.344260
887,44.504340,9.537628
888,44.792716,9.142292
889,44.665037,9.446332
890,44.139893,9.908406
891,43.639964,9.795867
892,43.651889,9.672824
893,43.965297,9.390129
894,43.856745,9.642068
895,43.659237,9.763676
896,43.858751,9.382822
897,44.150357,9.494255
898,44.378239,9.636882
899,44.126141,9.511506
900,44.197892,9.259892
901,44.749621,10.014203
902,44.793897,10.334428
903,45.241075,10.141313
904,45.673343,10.402035
905,46.073621,10.090927
906,46.244535,9.735049
907,46.305807,9.885356
908,45.969167,10.193424
909,46.133288,9.985729
910,46.307431,10.682716
911,46.161933,10.358668
912,46.307746,10.412240
913,46.643310,10.492473
914,46.330397,11.068327
915,46.841326,10.544243
916,47.119559,10.875533
917,46.957753,11.350698
918,47.316318,11.731569
919,47.492774,11.525845
920,47.285480,11.481252
921,46.911700,11.691813
922,46.796065,11.588761
923,47.108546,11.528297
924,47.160710,11.599311
925,46.916377,11.508034
926,46.733917,11.836880
927,46.863962,11.590044
928,46.697828,11.333662
929,46.279074,11.626887
930,46.348507,11.645101
931,46.653834,11.625446
932,47.076884,11.147886
933,47.205105,10.930785
934,47.409391,10.414004
935,47.430931,10.709700
936,47.104614,10.408147
937,47.065305,10.862182
938,46.489281,11.120837
939,46.502753,11.594949
940,46.519789,11.416234
941,46.609459,11.241956
942,46.696301,10.852744
943,46.263090,11.046288
944,46.308664,11.089510
945,46.355606,11.002204
946,46.255728,10.970026
947,46.007763,11.349532
948,46.034962,11.820625
949,45.941298,11.989256
950,45.833057,12.373031
951,45.612296,12.510797
952,45.106589,12.920313
953,45.224506,13.004172
954,45.862702,12.372465
955,45.973640,11.914035
956,45.823853,11.675020
957,45.910602,11.277952
958,45.820942,11.526322
959,45.882930,11.523358
960,46.270399,11.611101
961,46.292188,11.608770
962,45.876025,12.363365
963,46.299831,12.331188
964,46.900299,12.089204
965,47.145016,12.027684
966,47.198357,12.291448
967,47.142694,12.043012
968,46.926453,11.710770
969,47.334777,11.712865
970,47.790795,11.903283
971,47.441764,11.307882
972,47.690995,11.079939
973,47.826407,11.566644
974,48.151269,11.229350
975,48.672363,10.788166
976,48.852870,11.051743
977,48.762502,11.848605
978,48.432374,11.820158
979,47.990168,12.324792
980,47.847322,12.182759
981,48.106084,11.877774
982,48.261893,11.524992
983,47.988996,11.529741
984,48.173506,10.716602
985,47.991039,10.664109
986,47.772379,10.798578
987,47.792129,10.525616
988,47.737328,10.398818
989,47.928390,10.798224
990,48.204422,10.447215
991,48.079252,10.276266
992,48.279601,10.471931
993,48.195641,10.157010
994,48.180209,10.146332
995,47.819036,10.243519
996,47.202354,10.359634
997,46.866351,10.380734
998,46.792827,10.305016
999,46.820773,10.131934
1000,47.269370,9.949863
