# this data file was made with generate_cvs.tcl
# Chains E,F,G,H are on residues 50-69 of chains A through D (present only in the C8 cage models!)
# Chains I,J,K,L are on residues 10-29 of chains A through D (present in both C4 and C8 cage models)
# this script generates CV's for the shotgun simulation restarts
# [frame, distance along z cordinate of protein (0 is center), distance protein is away from the center of the top of the cage in the plane]
0,57.972744,8.915852
1,58.066188,9.082829
2,57.727704,8.130605
3,57.238918,8.213058
4,57.517334,8.091926
5,57.895257,7.834089
6,58.228698,7.009199
7,58.082063,6.611121
8,57.402573,6.954535
9,56.901997,7.012835
10,56.876307,6.866621
11,56.288055,6.864843
12,56.313863,6.555952
13,55.713756,6.738008
14,56.118265,6.997742
15,55.984299,7.220460
16,55.879567,7.468680
17,55.698610,7.678944
18,55.665492,7.702202
19,56.077004,8.152719
20,56.149735,7.741207
21,56.742640,7.840531
22,57.001623,8.174708
23,56.812847,8.497975
24,57.045464,8.722127
25,56.893915,8.269087
26,56.634492,8.018444
27,56.493779,8.020070
28,56.315738,8.382694
29,56.008037,8.968466
30,55.790206,8.928809
31,56.026557,9.278846
32,55.785097,9.332085
33,55.708853,9.260188
34,55.885163,9.272390
35,56.245025,8.496358
36,56.402067,8.309408
37,56.742957,8.081483
38,56.994942,8.838531
39,56.999244,8.432485
40,56.814561,7.527632
41,56.768686,7.155442
42,56.930447,7.235414
43,56.943750,7.002098
44,56.859966,7.171206
45,56.960966,7.238508
46,56.675477,6.950490
47,56.562994,7.227409
48,56.292957,6.532896
49,55.995570,6.800107
50,55.919883,7.088248
51,55.594168,7.087855
52,55.313658,7.099863
53,55.284119,7.487218
54,55.691270,7.530478
55,55.903324,7.575520
56,56.428925,7.467876
57,56.170038,7.679935
58,56.630234,7.747189
59,56.483835,7.728389
60,56.479217,7.933127
61,56.523027,7.824452
62,56.049411,7.719904
63,55.803084,8.067085
64,55.726039,7.694626
65,55.767525,7.869365
66,56.112697,8.240954
67,56.322850,8.028190
68,56.533585,8.186120
69,56.633738,8.018455
70,56.477808,7.598793
71,56.752851,7.991717
72,57.059504,8.096934
73,56.992266,8.103481
74,56.838667,7.555132
75,56.723974,7.478677
76,56.398821,7.678119
77,56.409823,7.548612
78,55.800680,7.667634
79,55.233156,7.304266
80,55.152938,6.850517
81,55.214725,6.880278
82,55.349367,6.160475
83,55.491650,5.946657
84,55.027282,5.740750
85,54.284731,5.648177
86,54.378981,5.696128
87,54.423819,5.586348
88,54.383466,5.623778
89,54.672879,5.837199
90,54.844080,5.393353
91,54.881997,5.356215
92,54.925294,5.601959
93,54.848769,5.866035
94,54.352658,6.163508
95,53.856896,6.056856
96,53.841531,6.188767
97,53.902235,6.222724
98,53.994286,5.774250
99,53.903104,5.353357
100,53.728058,5.639378
101,53.526999,5.713763
102,53.428361,5.651845
103,52.858563,5.771695
104,52.983231,5.536169
105,53.150345,6.081564
106,52.808935,6.433566
107,52.756155,6.090054
108,52.655898,5.789310
109,52.300539,5.790884
110,52.148447,5.814720
111,51.875756,6.024260
112,51.893828,6.213761
113,51.437067,6.508242
114,50.856097,6.305121
115,50.675476,6.061404
116,49.972486,6.696207
117,49.280039,6.760989
118,49.231292,6.612888
119,49.517610,6.901454
120,49.674451,7.605001
121,50.044010,7.296155
122,49.739724,7.401689
123,50.103789,7.229771
124,50.079492,7.274214
125,50.410233,7.404558
126,50.451357,7.315063
127,50.037281,7.780776
128,50.126788,7.740030
129,50.467353,8.035155
130,50.263660,7.875581
131,49.994655,7.680167
132,50.285745,7.560672
133,50.235768,8.072819
134,50.372127,8.276320
135,50.465300,7.916833
136,50.351762,7.722075
137,49.399409,7.496780
138,49.445085,7.531275
139,49.191687,7.372830
140,49.100613,7.438132
141,49.254833,7.279604
142,48.916573,7.867634
143,49.097691,7.640539
144,48.804381,7.686908
145,49.075317,7.739551
146,48.915235,7.679784
147,48.801711,7.665888
148,48.274970,8.097045
149,48.300933,8.448609
150,48.541784,8.292876
151,49.183290,8.237375
152,49.506410,8.307488
153,49.852945,8.223807
154,50.154860,8.344725
155,50.342658,8.232175
156,50.563910,7.996231
157,50.258100,8.336334
158,49.967268,8.628273
159,49.688311,8.875879
160,49.639256,9.009547
161,49.066126,8.742204
162,49.015642,8.546236
163,48.576826,8.470885
164,48.248312,8.280968
165,48.052235,8.741246
166,48.108916,8.600152
167,48.081782,8.964052
168,48.107004,9.156656
169,48.646050,9.341879
170,48.289290,9.220833
171,47.682393,9.678376
172,47.805872,9.828506
173,48.188089,9.706704
174,48.332734,9.682296
175,48.219710,9.856500
176,48.143897,9.843633
177,47.913019,9.608916
178,47.669215,9.709846
179,47.685897,9.675212
180,47.327615,9.680776
181,47.364157,9.573878
182,47.224195,9.401548
183,47.391462,9.369914
184,47.589725,9.719194
185,47.397479,9.571780
186,47.375085,9.437997
187,47.505284,9.477629
188,47.541949,9.434457
189,47.630737,9.131113
190,47.418408,9.055319
191,47.009211,8.476143
192,46.730657,8.207629
193,46.629533,8.187356
194,46.827830,7.880402
195,46.971469,8.050307
196,47.005862,8.467588
197,47.003646,8.352245
198,47.168781,8.389361
199,46.723154,8.360204
200,46.157641,8.291058
201,46.193597,8.408752
202,45.913594,8.303579
203,45.435129,8.648519
204,45.544088,8.691802
205,45.303224,9.304770
206,45.424051,9.329421
207,45.144355,9.047739
208,45.099755,9.341495
209,44.996419,9.482089
210,45.186660,9.412301
211,44.886865,9.355157
212,44.837138,8.793117
213,44.235586,8.756910
214,44.725088,8.040771
215,44.397145,8.107287
216,44.277255,8.355576
217,44.815754,8.759574
218,45.286192,8.523491
219,45.521842,8.429306
220,45.668707,7.968200
221,45.421387,8.012729
222,45.474301,7.848729
223,45.299431,7.711703
224,44.888241,7.892314
225,44.562956,7.922381
226,44.611377,7.946399
227,44.306869,8.276299
228,44.188276,8.522367
229,44.762685,8.563478
230,45.035289,8.884109
231,45.012651,8.936794
232,45.394667,9.131293
233,45.380585,9.148076
234,45.345066,8.577745
235,45.302651,8.413121
236,45.476386,8.673874
237,44.981939,8.664957
238,44.594592,8.612109
239,44.776186,8.534776
240,44.517095,8.739329
241,44.408954,8.962656
242,44.440157,8.941725
243,44.350709,8.655953
244,44.547372,8.979131
245,45.046387,8.733872
246,44.875019,8.769657
247,45.058891,8.201879
248,45.291972,8.583031
249,44.908512,8.890842
250,44.414371,8.904915
251,44.171137,8.861974
252,44.155268,8.928483
253,44.347888,8.467440
254,44.298977,8.416604
255,44.546874,8.691834
256,44.648215,8.828353
257,44.919466,8.582239
258,45.547654,8.010460
259,45.226518,8.020061
260,45.261325,7.773426
261,44.892852,7.857487
262,44.636620,8.047054
263,43.887645,8.493318
264,43.698882,8.699491
265,44.066425,8.526073
266,44.319160,8.106449
267,43.968174,8.269863
268,43.634461,8.654669
269,43.532633,8.876924
270,43.698593,8.681538
271,43.399426,8.833963
272,43.211896,8.254478
273,43.532201,8.201787
274,43.474240,8.201217
275,44.176352,8.127426
276,44.134613,8.139430
277,44.968350,7.702012
278,44.948319,7.663382
279,44.812135,7.755574
280,45.453896,7.609911
281,45.027485,7.886684
282,45.007485,7.713641
283,45.263636,8.112997
284,45.849569,7.513427
285,45.775942,7.428781
286,45.394427,7.592607
287,44.990792,8.164285
288,44.735085,7.950928
289,44.560249,8.250841
290,45.085944,8.341090
291,45.339043,8.168614
292,45.468995,8.334522
293,45.527778,8.583302
294,45.594622,8.776766
295,45.479907,9.389773
296,44.971816,9.517241
297,44.689566,9.673146
298,44.520628,9.924122
299,44.892996,10.278154
300,45.174567,10.433330
301,45.210892,10.486885
302,45.488917,10.255848
303,45.849893,10.593742
304,45.719195,10.413741
305,45.716799,10.174543
306,45.720849,9.790171
307,45.981759,9.314715
308,45.779395,9.052698
309,46.441952,9.386971
310,47.301655,9.355449
311,47.888522,9.463461
312,47.608461,9.300927
313,48.021055,9.000597
314,47.679107,9.021578
315,47.458095,9.131255
316,47.423670,9.201550
317,47.078565,9.924656
318,46.959672,9.962485
319,46.828550,10.066621
320,46.831286,10.325877
321,46.894080,10.234761
322,47.233739,10.430258
323,47.538996,10.313833
324,47.611494,10.116376
325,47.117118,9.791464
326,46.724257,10.201518
327,46.474655,10.378745
328,46.098851,10.393390
329,45.993258,10.988612
330,46.130498,10.639069
331,46.590770,10.461266
332,46.779361,10.388009
333,46.541443,10.389194
334,46.017490,10.354326
335,46.084867,10.738724
336,45.852547,10.600977
337,45.720774,10.209663
338,45.530580,10.030652
339,45.373938,10.231386
340,45.955034,10.666084
341,46.138720,10.469185
342,46.432186,9.758230
343,46.535815,9.836848
344,46.335749,9.741327
345,46.350094,9.830055
346,46.278181,9.775444
347,46.522996,9.913635
348,46.633964,9.533694
349,46.764107,9.601962
350,46.983872,9.553255
351,46.932797,9.757252
352,46.554630,10.201802
353,46.804154,9.870865
354,47.169356,9.920719
355,47.111447,9.623225
356,46.961595,9.219229
357,46.837961,8.685414
358,47.209232,8.907286
359,47.248868,9.409129
360,47.424597,9.351852
361,47.360712,9.629288
362,47.397230,9.330268
363,46.993940,9.637049
364,46.200112,9.956619
365,46.160790,10.059298
366,46.154101,10.186750
367,46.231601,10.142676
368,46.225916,10.027700
369,46.235285,9.790382
370,46.022503,10.257920
371,45.827660,10.728569
372,45.935806,10.318492
373,46.261510,10.436215
374,46.777255,10.380164
375,46.518974,10.169212
376,46.013472,10.753861
377,45.936293,10.868598
378,45.870088,10.701361
379,45.885149,10.963863
380,45.010010,11.436498
381,44.910560,11.904979
382,44.944606,11.996434
383,45.061146,12.034978
384,45.426499,11.848006
385,45.202108,11.772527
386,45.436788,11.726783
387,45.546460,11.497555
388,45.425158,11.611648
389,45.130513,11.471569
390,45.000261,11.700382
391,44.758026,11.827501
392,44.530524,11.380788
393,43.798891,11.398774
394,43.686418,11.472598
395,43.417354,10.933045
396,43.648669,11.155682
397,43.849321,10.893970
398,43.478655,10.961029
399,43.665997,10.384046
400,44.077359,10.626307
401,44.305517,10.623575
402,44.434166,11.015316
403,44.613278,10.753953
404,44.671013,10.721933
405,44.459719,10.626692
406,44.587968,10.178168
407,44.470451,9.962496
408,44.748967,10.083586
409,44.746760,10.084558
410,44.823842,9.895443
411,44.859469,9.640707
412,45.070262,9.767886
413,45.127708,9.723434
414,44.701959,9.727995
415,44.631007,9.397506
416,44.657180,9.647317
417,44.742038,9.094803
418,44.886972,9.061483
419,44.535654,9.052732
420,44.409406,8.952419
421,44.676635,8.390461
422,44.397150,7.944872
423,44.276444,7.905646
424,44.125620,7.963947
425,44.127407,7.794478
426,43.917860,7.682700
427,44.257651,7.664792
428,44.152953,7.081385
429,43.902255,7.481280
430,44.060270,7.274459
431,44.262248,7.188033
432,43.913198,7.049243
433,44.328609,6.715818
434,45.095635,6.889902
435,45.372829,7.100496
436,45.766192,7.266137
437,45.953316,6.680736
438,46.152854,6.750670
439,46.506827,6.641323
440,46.778279,6.401749
441,46.577789,6.643046
442,46.352283,6.868807
443,46.286497,7.167578
444,46.526801,6.882799
445,46.780373,7.165303
446,47.017572,7.341757
447,47.244106,6.908101
448,46.949781,6.633185
449,47.154164,6.216652
450,47.191810,6.035273
451,46.861177,6.093062
452,46.842903,6.172522
453,47.017783,6.286307
454,47.474261,6.304917
455,47.420915,6.677488
456,46.858750,6.672640
457,46.709392,7.000623
458,46.201833,6.344482
459,45.585254,6.184829
460,45.040184,6.825094
461,44.793231,7.024124
462,44.850511,7.340468
463,44.769579,7.718006
464,45.023349,7.701334
465,44.725088,7.655547
466,45.213886,7.121027
467,45.047517,7.005145
468,44.745264,7.198203
469,44.736870,7.341845
470,44.997089,7.582997
471,44.669050,7.969521
472,44.505443,7.892880
473,44.294139,8.360573
474,44.200100,8.160774
475,44.089646,8.231143
476,44.338683,8.112975
477,44.527317,8.022168
478,44.398952,7.961356
479,44.105399,7.878687
480,43.912519,8.002041
481,43.770000,7.952210
482,43.534164,7.802910
483,43.387441,8.272596
484,43.454043,7.873636
485,43.482114,7.972988
486,43.656664,8.124865
487,44.386426,7.837666
488,44.669179,7.918936
489,45.043963,7.988485
490,44.817034,8.508691
491,44.564610,8.829660
492,44.003279,8.931799
493,44.004926,9.191196
494,44.225046,9.138019
495,44.060529,9.341836
496,43.611992,9.861007
497,43.560818,10.183845
498,43.649202,10.549168
499,43.536882,10.130790
500,43.631239,9.859031
501,43.834065,10.007998
502,44.148217,10.002861
503,44.120604,10.016235
504,44.291770,9.929945
505,44.421465,9.640445
506,44.269171,9.711029
507,44.319470,8.813170
508,44.497694,8.949135
509,44.842748,9.056349
510,44.649100,8.618430
511,45.031200,8.644759
512,45.575720,8.558942
513,45.670379,8.386956
514,45.385969,8.441876
515,44.957266,8.472905
516,45.188569,8.565661
517,45.309139,8.616685
518,45.408323,8.731402
519,45.777592,8.510018
520,45.630056,8.544681
521,45.817787,8.433299
522,45.376034,8.283295
523,45.261617,7.939214
524,45.007177,7.643506
525,44.989676,7.778663
526,44.670916,7.568370
527,44.399349,7.780681
528,44.050288,7.946102
529,43.989968,8.484581
530,43.559631,8.288628
531,43.468477,8.151513
532,43.565018,8.430131
533,43.702597,8.795883
534,43.730761,8.856410
535,43.722359,8.505044
536,44.072811,8.281227
537,43.644144,8.563183
538,43.671361,8.446036
539,43.863646,7.979735
540,44.115973,7.880427
541,43.949328,7.631413
542,43.947774,7.939736
543,43.844337,7.665578
544,43.353266,8.185270
545,43.179798,8.168180
546,43.557545,8.015677
547,43.722227,7.842168
548,43.454539,7.480287
549,43.563242,7.219879
550,43.063175,7.618889
551,42.888171,7.920340
552,42.706786,8.010591
553,42.825427,7.682405
554,42.667835,7.695671
555,42.868602,7.834921
556,43.097231,7.384624
557,42.609293,7.535213
558,42.593792,7.670360
559,42.912012,7.359416
560,42.455287,7.772307
561,42.045099,8.499475
562,41.897243,8.185225
563,41.918608,8.087964
564,42.078322,7.898673
565,42.053099,7.811272
566,42.157617,7.974557
567,42.039136,8.148088
568,42.370116,7.557504
569,42.328711,7.089895
570,42.336005,7.134708
571,42.105033,7.255145
572,42.327135,7.258877
573,42.723830,7.285578
574,42.842675,7.106302
575,42.833619,7.100655
576,43.488414,6.845944
577,43.348716,6.647761
578,43.719502,6.660994
579,43.882528,6.718204
580,43.870140,6.941655
581,43.693012,7.287937
582,43.511625,7.683743
583,43.905110,7.687260
584,44.051917,7.851103
585,44.206922,8.041584
586,43.839783,7.891280
587,43.776701,7.810685
588,43.703304,7.403915
589,43.560167,7.232984
590,43.909407,7.034338
591,43.981268,7.088375
592,44.570825,6.986267
593,44.748766,7.132381
594,44.639282,7.341121
595,44.748826,7.169827
596,44.812985,6.819775
597,45.250262,6.853032
598,45.339983,7.162022
599,45.676100,7.004026
600,45.526186,7.068383
601,45.543461,7.086865
602,45.821219,7.025958
603,46.158071,6.934538
604,46.083407,6.956019
605,46.018979,6.733806
606,46.020398,7.348921
607,46.073126,7.222028
608,46.406072,7.271711
609,46.679610,7.560283
610,47.240049,7.659828
611,46.927405,8.195148
612,46.847034,8.363658
613,46.862240,8.415793
614,46.975433,8.038382
615,46.942202,8.309601
616,46.990046,8.846168
617,47.023033,9.358766
618,47.267474,9.300533
619,47.583161,9.233032
620,47.730643,9.267773
621,47.887883,9.369027
622,47.700032,9.914431
623,47.646291,9.630027
624,47.460235,9.453432
625,47.210183,9.809994
626,47.118386,10.143441
627,47.225852,9.926773
628,47.259533,9.769464
629,46.902301,9.542621
630,47.263817,9.434562
631,47.471379,9.405048
632,47.466880,9.742577
633,47.664812,9.331276
634,47.622734,9.272747
635,47.589882,9.816809
636,47.716729,9.822367
637,47.867398,9.819456
638,47.564912,9.542751
639,47.394504,9.226161
640,47.765062,9.111933
641,47.733389,8.311427
642,46.990873,8.739634
643,47.403942,8.833158
644,47.339019,9.150384
645,47.148725,9.342031
646,47.170782,9.366754
647,46.901098,9.814792
648,46.774565,9.813415
649,46.826608,10.034030
650,46.647151,9.928963
651,46.767554,9.895049
652,46.517155,9.998435
653,45.910271,10.123535
654,45.293748,10.337477
655,45.290662,9.937879
656,45.158943,10.155066
657,45.760440,10.108551
658,45.984504,10.626422
659,46.357683,10.482633
660,46.401182,10.156112
661,46.676208,9.925566
662,46.567860,10.168113
663,46.694577,9.952399
664,47.119340,9.980623
665,47.069460,10.005752
666,46.954511,9.997011
667,47.162531,9.659667
668,46.746825,9.370941
669,46.636605,9.660856
670,47.556140,9.577534
671,47.454091,9.640326
672,47.528914,9.240964
673,47.198136,9.109795
674,47.272324,9.225705
675,47.443907,9.335485
676,46.766731,9.600708
677,46.583855,9.945156
678,46.674349,9.898418
679,46.173123,9.720022
680,45.608720,10.153273
681,45.804194,10.725438
682,45.306469,10.999438
683,45.123799,11.196103
684,44.771092,10.800755
685,44.829429,11.100573
686,44.915419,10.921344
687,45.176655,11.052609
688,45.273147,11.378189
689,44.858784,11.653045
690,44.478869,11.500552
691,44.400883,11.492290
692,44.022546,11.505140
693,44.037379,11.509149
694,44.417366,11.352598
695,43.925689,11.693725
696,43.600676,11.284516
697,43.425387,11.136323
698,43.689328,11.057973
699,43.626815,11.521510
700,43.652018,11.314577
701,43.540049,11.327300
702,43.585971,11.445412
703,44.024129,11.969764
704,44.360145,11.570298
705,44.588705,10.913215
706,44.372862,11.140724
707,44.206800,10.827186
708,44.320395,10.753841
709,44.743296,10.451643
710,44.359697,10.382103
711,44.422777,10.287611
712,44.438287,10.253843
713,44.382070,9.864637
714,44.514681,9.959494
715,44.611627,9.539087
716,44.412543,9.717826
717,44.366860,9.879535
718,44.577646,9.433705
719,44.723547,9.746787
720,44.808325,9.964434
721,45.093762,10.414048
722,45.290489,10.585532
723,44.987258,10.248976
724,45.516862,10.248906
725,45.675438,10.361656
726,45.360466,10.745719
727,44.990529,10.707819
728,45.287866,10.856069
729,45.357960,10.863643
730,45.062660,10.882819
731,45.015609,10.831282
732,45.028662,10.298650
733,44.753701,10.569188
734,44.946069,10.600485
735,44.855649,10.335346
736,44.640579,10.364514
737,44.372522,10.361129
738,44.184801,10.206359
739,43.983454,10.827085
740,44.271663,10.879226
741,44.430454,11.142955
742,44.398163,10.881531
743,44.484329,10.979949
744,44.364462,11.214633
745,44.350604,10.966072
746,44.138499,11.070073
747,44.293080,10.943430
748,44.108703,11.275417
749,43.989886,11.156577
750,43.955711,11.258637
751,43.933435,11.042942
752,43.769006,11.011419
753,44.010109,10.788010
754,44.029952,10.727275
755,44.235986,10.694401
756,44.395703,10.876420
757,44.601038,11.096882
758,44.886846,10.791468
759,44.979133,10.460851
760,45.202752,10.258649
761,45.374000,10.623300
762,45.633999,10.298544
763,45.634003,10.308793
764,45.920285,10.162185
765,46.482202,10.295197
766,46.931322,10.613089
767,46.504444,11.192321
768,46.647564,11.530837
769,46.784495,11.424520
770,47.333685,11.103645
771,47.586491,11.234867
772,47.221615,11.701431
773,47.584971,11.932353
774,48.205669,11.937185
775,48.163138,11.441677
776,48.318378,11.552921
777,48.259619,11.340714
778,48.058267,11.263750
779,47.686073,11.262507
780,47.698081,11.493263
781,47.335598,11.371301
782,47.121148,10.893902
783,46.960705,10.821334
784,47.195022,10.689935
785,47.025048,10.642350
786,47.144636,10.590702
787,47.530472,10.697013
788,47.278990,10.352811
789,47.256261,10.414594
790,47.227772,10.641678
791,47.374718,10.650878
792,47.176237,10.709393
793,46.743028,10.545176
794,46.937826,10.714478
795,46.390106,10.986017
796,46.182475,10.531030
797,46.438123,10.422850
798,46.479940,10.547483
799,46.889712,10.554796
800,47.313720,10.090556
801,47.352769,9.759860
802,47.104246,9.770398
803,46.880055,9.958294
804,47.221927,10.302175
805,47.146902,10.592759
806,47.940167,10.215723
807,48.255734,10.664610
808,47.950292,10.410776
809,47.844491,10.089584
810,47.129654,10.468694
811,46.742647,10.899952
812,46.544169,10.817904
813,46.615276,10.782590
814,46.245138,11.184749
815,46.124472,11.096046
816,46.530017,11.279187
817,46.832700,10.484791
818,47.575163,10.138397
819,47.981926,9.895303
820,47.860400,10.471593
821,47.656953,10.917340
822,47.403136,10.511836
823,47.466306,10.111508
824,47.333964,10.118286
825,47.028126,9.836342
826,47.056432,9.734300
827,46.901388,9.665256
828,46.803505,9.520553
829,46.971676,9.701062
830,47.086548,10.127896
831,47.031536,10.017403
832,46.626703,9.967330
833,46.702319,10.368234
834,46.790821,10.254885
835,46.490256,10.466268
836,46.675821,10.278654
837,46.764013,10.379884
838,46.417171,10.490771
839,46.361308,10.770287
840,46.698688,10.512821
841,46.320907,10.741151
842,46.316605,10.593452
843,46.881636,10.386056
844,46.796115,11.111701
845,47.020136,11.261490
846,47.147567,11.291867
847,47.140879,11.282473
848,46.983383,11.422785
849,47.183131,11.583125
850,47.446018,11.896727
851,47.486763,11.735452
852,47.268753,11.475881
853,47.164098,11.226854
854,47.481985,11.195581
855,47.684452,11.288951
856,48.233910,11.222071
857,48.052964,11.036007
858,47.759825,10.899999
859,47.596296,10.331918
860,47.615409,10.075860
861,47.778696,10.515431
862,47.928435,10.636151
863,47.711114,10.571647
864,47.527999,10.756573
865,47.604219,10.642297
866,47.498312,10.712079
867,47.354661,10.732641
868,47.402955,10.294725
869,46.932515,10.266820
870,47.003111,10.283347
871,47.205984,10.206390
872,47.216998,10.174813
873,47.116726,10.142562
874,46.539959,9.811292
875,46.549565,10.136300
876,46.781976,10.490525
877,46.888368,10.443676
878,46.995217,10.734616
879,47.155198,10.646785
880,47.243261,10.856949
881,47.163592,10.692504
882,46.535232,10.684166
883,46.203443,10.720259
884,46.746769,10.720612
885,47.300514,10.403869
886,47.367369,10.338514
887,47.552865,10.005477
888,47.558606,10.299957
889,46.984181,10.489557
890,46.507628,10.556715
891,46.425143,10.560020
892,46.528763,10.439893
893,46.748216,10.300253
894,47.033110,10.723471
895,47.249110,10.618052
896,47.357580,10.456490
897,47.161165,10.517674
898,47.189881,10.913173
899,46.620920,10.825280
900,46.329916,10.647943
901,46.343489,10.432849
902,45.823211,10.563477
903,46.167180,10.917271
904,46.784050,11.383271
905,46.701518,12.074338
906,47.341235,12.016843
907,47.439988,11.830096
908,47.301411,11.767073
909,47.165073,11.218274
910,46.262057,11.493674
911,46.256735,11.454763
912,45.845906,11.574104
913,45.869134,11.617834
914,46.374122,11.697655
915,46.490321,12.255031
916,46.025314,12.157960
917,46.231779,12.076983
918,45.898736,11.930789
919,46.231105,12.189388
920,46.538428,12.363848
921,46.117845,12.058211
922,46.144834,11.782178
923,46.073727,12.131490
924,45.698262,11.978616
925,45.346248,11.979982
926,45.171440,11.904801
927,44.535631,12.135394
928,44.705017,11.612497
929,45.016451,11.540948
930,44.953112,11.525890
931,44.957255,10.941746
932,44.922093,10.894574
933,45.155141,10.368296
934,45.329132,10.237788
935,45.170256,10.432792
936,45.368746,10.558274
937,45.711902,10.459168
938,45.124414,10.483960
939,45.368915,10.288380
940,45.552109,9.892356
941,45.397978,10.028353
942,45.374253,9.866550
943,45.587533,9.719660
944,45.270034,9.513907
945,44.906089,9.070815
946,44.750342,9.141970
947,44.299414,8.931767
948,43.825436,9.013990
949,43.578156,9.418793
950,43.688704,10.111112
951,44.102807,10.374912
952,44.613738,10.369442
953,44.695078,9.956929
954,44.538187,10.093883
955,44.355705,10.376134
956,44.843982,10.300954
957,44.683743,10.195963
958,44.784879,9.927063
959,44.685120,9.670286
960,44.244138,9.471253
961,44.312525,9.643032
962,44.278480,10.209033
963,43.729511,10.765326
964,43.974335,10.768033
965,44.753089,10.546596
966,44.888417,10.163873
967,44.766299,10.383743
968,44.761475,10.740717
969,45.052858,10.853137
970,45.070332,10.932608
971,45.313594,10.434108
972,45.116253,10.549087
973,44.886491,10.611598
974,44.702037,10.955779
975,44.679419,10.976506
976,44.304899,11.424086
977,43.715803,11.642074
978,43.841188,11.734623
979,43.747816,11.421996
980,43.841806,11.140763
981,43.832720,10.981833
982,43.662966,10.609777
983,43.305684,10.511322
984,43.550473,10.617586
985,43.024985,10.672369
986,42.830897,10.806759
987,43.057643,10.454182
988,43.190050,10.516594
989,43.190597,10.681549
990,43.695805,10.921884
991,43.962092,10.854253
992,43.977210,10.881381
993,44.188994,10.941768
994,44.483153,10.805146
995,44.751749,10.687569
996,44.937350,11.077161
997,45.089882,11.390320
998,45.186156,11.540838
999,45.377817,11.359359
1000,45.084945,10.993981
