# this data file was made with 
# Chains E,F,G,H are on residues 50-69 of chains A through D (present only in the C8 cage models!)
# Chains I,J,K,L are on residues 10-29 of chains A through D (present in both C4 and C8 cage models)
# this script generates CV's for the shotgun simulation restarts
# [frame, distance along z cordinate of protein (0 is center), distance protein is away from the center of the top of the cage in the plane]
0,37.053442,14.569324
1,37.103079,14.535736
2,37.776558,14.000605
3,38.015175,14.372729
4,38.018891,14.673930
5,37.929444,15.165683
6,38.049365,15.297572
7,38.397707,15.318206
8,38.757986,15.298200
9,38.809082,14.844891
10,38.888051,14.598180
11,39.050121,14.581099
12,39.154666,13.895354
13,38.794099,13.930986
14,39.032366,13.245660
15,39.203399,13.541082
16,39.584583,13.834527
17,39.957910,14.070077
18,40.806898,13.793061
19,40.697245,13.674238
20,40.496030,12.966262
21,40.440694,12.743624
22,40.251021,12.936761
23,40.475791,13.036431
24,40.235088,13.100389
25,39.904522,13.583510
26,39.924850,13.654274
27,39.878718,12.887109
28,40.033040,12.648735
29,39.986842,12.828653
30,40.084570,12.585648
31,40.177557,11.846704
32,39.982157,11.542821
33,39.984181,11.130572
34,39.919530,11.514259
35,39.681794,11.532433
36,39.418476,11.767805
37,39.277440,11.771361
38,39.364871,11.224687
39,39.518225,11.526074
40,39.538544,11.628217
41,39.132391,11.233679
42,38.877531,10.864276
43,38.782241,11.185949
44,37.906365,11.359057
45,38.148258,10.944352
46,38.170377,10.850697
47,38.386378,10.651939
48,38.407884,10.749398
49,38.395368,11.212603
50,38.452842,10.914282
51,38.650511,11.146193
52,38.029683,11.690862
53,37.281958,11.381084
54,36.840706,11.578058
55,36.430056,11.664408
56,36.086202,11.992434
57,36.346871,12.129429
58,36.632173,11.838936
59,37.104293,12.093240
60,37.297383,12.054743
61,37.337315,11.818439
62,37.130625,11.600233
63,37.161440,11.178990
64,37.326441,10.780472
65,37.271841,10.905573
66,37.238258,10.982768
67,37.451503,10.496773
68,37.465110,11.021337
69,37.414410,11.421510
70,37.432182,11.734825
71,38.128741,11.254249
72,37.923355,10.692485
73,38.234369,10.276965
74,37.903612,10.348755
75,38.083635,10.520734
76,38.214532,11.190536
77,38.304356,11.261936
78,38.293388,11.342335
79,38.237984,11.034577
80,38.692267,11.190272
81,39.294423,11.485258
82,39.579572,11.400054
83,39.833050,10.833285
84,39.807993,11.249217
85,39.756553,11.559206
86,40.008437,11.316274
87,40.147051,11.449567
88,39.932721,11.589794
89,39.903650,11.686237
90,39.828095,11.207955
91,39.713477,11.254643
92,39.193929,11.536484
93,39.022119,11.787882
94,38.081212,11.214745
95,37.440649,11.108657
96,37.166784,11.010778
97,36.815575,10.674396
98,36.902122,10.616445
99,37.049358,10.754793
100,37.497907,10.636691
101,37.608985,10.441961
102,38.325532,10.148586
103,38.263945,9.933503
104,38.213666,10.796033
105,38.671477,10.694584
106,38.721123,10.974503
107,38.899766,10.254533
108,39.166709,9.861016
109,39.597335,9.828885
110,39.836870,10.058435
111,39.600433,10.368124
112,39.571004,9.937985
113,39.766750,9.816748
114,39.600827,9.695681
115,39.172095,9.555604
116,38.931100,9.817247
117,39.000748,10.126164
118,39.018483,9.847565
119,38.812017,10.142415
120,38.395595,10.104849
121,38.018942,9.643879
122,37.838329,9.427689
123,37.479334,8.857421
124,37.538734,8.633476
125,37.857978,8.769380
126,37.821440,9.092046
127,37.937818,9.549958
128,38.235440,10.149753
129,38.459343,10.226483
130,38.537508,10.175019
131,38.643793,10.076697
132,38.340530,9.697739
133,38.117602,10.255111
134,37.452516,10.219712
135,37.342972,10.168354
136,38.036016,10.403900
137,38.050168,10.763912
138,37.489324,10.871930
139,37.347457,10.617019
140,36.841445,10.609682
141,36.645419,10.556126
142,36.819454,10.711748
143,36.926822,10.521198
144,36.610541,10.174400
145,36.789109,9.665465
146,36.759969,10.101997
147,36.604540,10.043108
148,36.889224,10.050527
149,36.996247,10.090918
150,37.523531,10.156923
151,37.509375,9.985667
152,37.486950,9.520540
153,37.620571,9.396171
154,37.314239,9.758310
155,37.068031,9.914004
156,37.218740,9.733659
157,37.106745,9.889820
158,37.405528,9.480359
159,37.897996,9.681115
160,38.674143,10.070455
161,38.738066,9.991735
162,38.043371,9.842617
163,38.267284,10.185343
164,38.421771,10.120264
165,38.310335,9.504381
166,37.961315,9.735195
167,38.043658,10.190094
168,37.952810,10.187907
169,37.163213,10.515392
170,37.038728,10.374200
171,37.196189,10.459706
172,37.122048,10.819282
173,37.138614,10.619021
174,37.042506,10.692123
175,37.389031,11.038086
176,37.407464,11.333032
177,37.529672,11.274666
178,37.636980,11.133088
179,37.569926,11.103021
180,37.759720,10.673831
181,37.936948,10.040799
182,38.315359,10.040180
183,38.611520,10.310381
184,39.037940,10.643785
185,39.224318,10.527355
186,38.774757,10.617726
187,38.891849,10.536983
188,39.086258,10.524778
189,38.519300,10.444381
190,38.027576,10.549740
191,38.041252,10.658659
192,38.363578,10.348374
193,38.448640,10.592379
194,38.980881,11.035779
195,38.944836,11.430141
196,38.964398,11.357235
197,39.241780,11.342838
198,39.344864,11.010080
199,39.134385,11.032732
200,38.728857,10.768448
201,38.974482,10.212419
202,38.676238,10.782628
203,38.437150,10.686650
204,38.620733,11.036347
205,38.876302,11.346886
206,38.921049,11.342881
207,38.810326,11.066695
208,39.082159,11.033659
209,38.977282,11.467201
210,38.462879,11.713420
211,38.175042,12.155103
212,38.177713,11.798838
213,38.467137,11.404965
214,38.904305,11.533941
215,39.395509,11.429061
216,39.241702,11.198517
217,38.732954,11.188828
218,38.577859,11.764843
219,38.870272,11.855065
220,38.641117,11.909570
221,38.393567,11.983507
222,38.366773,11.875625
223,38.667893,11.960123
224,39.071801,12.511745
225,39.376708,12.192435
226,39.653779,11.711961
227,39.446160,11.237388
228,39.442473,11.091893
229,39.344141,10.963635
230,39.067639,11.142707
231,39.099348,11.218242
232,38.922811,11.022378
233,38.956890,11.190533
234,39.504981,11.331094
235,39.841144,11.416529
236,39.917957,11.716196
237,40.353369,11.898273
238,40.856213,11.679878
239,40.557832,11.634406
240,39.928829,12.078057
241,40.032006,11.944547
242,39.787174,11.661920
243,39.661779,11.851822
244,39.875331,11.741593
245,39.610620,11.514797
246,39.442249,12.083355
247,39.160378,12.219326
248,38.917514,12.512595
249,38.650085,12.293029
250,38.197918,12.087665
251,37.788673,11.825944
252,37.591835,11.889940
253,36.734684,11.888262
254,36.164196,11.577330
255,36.349199,11.689192
256,36.697396,11.751358
257,36.877189,12.000070
258,37.004508,11.757275
259,37.209258,12.008872
260,36.918141,12.233214
261,36.706136,12.064789
262,37.037907,12.327858
263,37.492973,12.379089
264,37.356511,11.800833
265,37.205422,11.675332
266,37.362443,11.613372
267,37.140633,11.687951
268,36.987675,11.757029
269,36.944729,12.036140
270,36.582982,11.979302
271,36.670509,11.511162
272,36.954261,11.246360
273,37.333903,11.392037
274,37.366299,11.463150
275,37.416560,11.493601
276,37.916758,11.867639
277,37.725341,12.200094
278,37.720194,11.876018
279,37.565695,11.847756
280,37.212072,11.024600
281,37.144420,10.434483
282,36.835243,10.316024
283,36.868068,9.490777
284,36.886994,9.098020
285,36.341614,8.914069
286,35.984470,9.072877
287,36.275642,8.774579
288,36.260624,8.609838
289,36.721428,8.831994
290,37.152260,8.855821
291,37.247532,8.967400
292,37.202160,9.213691
293,37.287362,9.968728
294,37.177776,10.040866
295,36.798911,9.769324
296,36.345491,9.813605
297,36.091170,10.016843
298,36.081053,10.357060
299,35.966483,10.106593
300,35.875914,9.897748
301,35.561511,10.165208
302,35.382390,9.834811
303,35.372395,9.511418
304,34.938742,9.821077
305,34.671119,9.674145
306,34.127827,9.684487
307,33.446275,10.447617
308,33.541895,10.808706
309,33.472547,10.994655
310,33.513304,11.205839
311,33.583918,10.627075
312,33.051050,11.151141
313,33.244695,11.229479
314,33.533400,10.683336
315,33.841619,10.157853
316,34.204333,9.756942
317,34.246578,9.943514
318,34.848200,9.760624
319,35.103492,9.451665
320,34.968085,9.309531
321,34.650982,9.515519
322,34.607866,9.701605
323,34.740803,9.834127
324,34.783617,9.530944
325,34.484624,9.681073
326,34.106977,10.310821
327,33.916861,10.112645
328,34.060843,10.574059
329,34.118370,10.966116
330,33.817867,10.878963
331,33.508467,11.175174
332,33.189170,11.490099
333,33.195559,11.685767
334,32.854478,11.851103
335,32.727795,11.998633
336,32.913803,11.449570
337,33.064666,11.497870
338,33.232105,11.608672
339,33.479274,11.053165
340,33.427212,11.578811
341,33.355938,11.424277
342,33.591320,11.177227
343,33.552066,11.528761
344,33.604555,11.573799
345,33.483269,12.007377
346,33.528164,12.337015
347,33.772180,12.794242
348,33.906564,12.464060
349,34.266587,11.902165
350,34.494066,11.593273
351,34.161187,11.392194
352,34.252313,11.702611
353,34.109965,11.611190
354,33.939220,11.581790
355,34.185199,11.543350
356,34.426676,11.829671
357,34.635299,11.529740
358,34.340798,12.087074
359,34.874239,12.266703
360,34.909576,11.614597
361,34.848881,12.071137
362,34.555873,12.559058
363,34.526352,12.617785
364,34.058346,12.500360
365,34.375022,12.292369
366,34.409229,11.869341
367,33.969046,12.120531
368,34.010434,12.423519
369,33.764652,12.632039
370,33.723086,12.818777
371,33.916993,13.349595
372,33.859670,13.331159
373,33.382061,13.207137
374,33.301794,13.174138
375,33.591928,12.836943
376,33.748616,12.546204
377,34.093375,12.947802
378,34.273800,12.890698
379,34.435671,12.688041
380,34.984411,12.824794
381,35.162357,12.656288
382,35.103167,12.405822
383,35.242323,12.457336
384,35.847223,12.187116
385,35.829944,12.106690
386,35.790655,12.039575
387,35.489847,11.809181
388,35.721083,11.581234
389,34.933905,11.732623
390,35.596268,12.407738
391,35.382444,12.466804
392,35.235273,12.878761
393,35.015451,12.895644
394,34.575799,13.274752
395,33.799446,13.003880
396,33.722707,13.101271
397,33.677568,12.323896
398,33.920485,11.955033
399,34.120236,11.820698
400,34.174410,11.790932
401,34.046877,12.098038
402,34.315929,12.013262
403,34.283462,12.435505
404,34.181797,12.634643
405,34.000420,12.883638
406,34.016483,12.968495
407,34.296151,13.262154
408,34.439065,13.780708
409,34.970549,13.883854
410,35.420432,13.632270
411,35.372277,14.231793
412,35.055227,13.916365
413,34.673478,13.848755
414,34.659365,13.636962
415,34.562060,13.606760
416,34.987650,13.229579
417,35.222268,13.325266
418,34.960656,13.332003
419,34.317470,13.122142
420,34.172847,12.681429
421,34.195132,12.905471
422,34.529848,12.664680
423,34.745224,12.797571
424,34.993712,12.839734
425,34.956634,13.109845
426,34.798367,13.240605
427,34.477044,12.902274
428,34.553500,12.792130
429,34.464111,12.855389
430,34.747319,13.068990
431,34.777221,13.009616
432,34.625805,13.048054
433,34.780311,12.670110
434,34.966479,12.191592
435,34.644454,12.051602
436,34.818301,12.286794
437,34.566476,12.499362
438,34.270919,12.427546
439,33.923755,12.447373
440,33.879262,12.193239
441,34.465097,11.156996
442,34.192131,10.997828
443,34.541821,11.142994
444,34.892234,11.210343
445,34.925810,11.014105
446,34.968393,11.088240
447,34.443248,11.232576
448,34.871032,11.005965
449,34.275776,10.727990
450,34.323003,10.030046
451,34.576864,10.665112
452,34.569666,10.569659
453,34.274304,10.481166
454,34.463366,10.260049
455,34.254116,10.246430
456,34.223672,10.367308
457,34.365832,10.121397
458,34.458334,10.215368
459,34.864324,10.335388
460,35.038518,10.304092
461,34.639513,10.522783
462,34.734374,10.163083
463,34.790149,10.045603
464,34.695954,9.843520
465,35.023967,9.687522
466,34.609009,9.687914
467,34.673326,10.025117
468,34.152858,9.976154
469,33.538492,10.365514
470,33.436886,10.166848
471,33.042650,9.713594
472,32.854679,9.661706
473,32.671663,9.180344
474,32.622253,9.344113
475,32.728895,9.627725
476,32.987564,9.491331
477,32.825614,9.956915
478,33.135890,9.989456
479,33.523332,9.647840
480,33.384882,9.404409
481,33.035381,9.652340
482,33.006737,9.559211
483,32.750906,9.730360
484,32.472298,9.932143
485,32.027751,10.555066
486,32.222182,10.818505
487,32.113126,10.926896
488,32.230053,10.983400
489,32.022331,11.101224
490,31.616328,12.071983
491,31.577366,12.362356
492,31.724898,11.795076
493,31.707182,11.645945
494,31.608152,11.439031
495,31.955798,10.943952
496,31.978546,11.326588
497,32.035904,11.393320
498,32.305056,11.738595
499,31.795363,12.200670
500,31.907013,11.962043
501,32.137049,11.697350
502,32.194040,11.427107
503,32.395134,11.005472
504,32.324572,10.696229
505,32.155481,10.698913
506,31.658303,10.927316
507,31.607774,11.057936
508,31.426101,11.489046
509,31.871623,11.037368
510,31.723838,11.063192
511,31.558872,11.317078
512,31.839911,11.077689
513,32.344300,11.230924
514,32.046492,11.843768
515,31.695346,12.214183
516,31.582092,11.813015
517,31.679112,11.264651
518,32.023542,11.291780
519,32.230972,11.490481
520,32.407335,11.905428
521,32.549129,12.331427
522,32.689975,12.268393
523,32.790148,12.406009
524,32.610704,12.823837
525,31.851214,12.768573
526,31.351104,12.616965
527,31.410705,12.651165
528,31.595011,12.123030
529,31.925314,11.689325
530,31.698718,12.212367
531,32.098312,12.378086
532,32.321686,12.404512
533,32.305178,12.308735
534,32.187634,12.578409
535,32.034700,12.182907
536,31.562035,12.372457
537,31.137311,12.666526
538,30.987972,12.818669
539,31.344852,12.813345
540,30.910556,12.518541
541,31.059822,11.932186
542,30.744228,11.672251
543,30.726170,11.798082
544,30.489003,12.228768
545,30.268667,12.239162
546,30.332504,12.378353
547,30.613868,12.482619
548,30.582137,12.124553
549,30.709161,12.095761
550,30.499903,12.382139
551,30.210393,12.634448
552,30.050126,12.833655
553,30.684190,12.843362
554,30.869300,12.853672
555,31.333576,13.162429
556,31.575072,12.938940
557,31.627018,12.928416
558,31.436133,13.378089
559,30.964142,13.535125
560,31.225244,13.472765
561,31.453071,13.733024
562,31.801738,13.918735
563,31.810562,13.984400
564,31.764023,14.192719
565,32.057438,14.202756
566,32.608917,14.215350
567,32.918367,13.900314
568,32.995356,14.124156
569,33.040605,13.774469
570,33.166220,13.659140
571,33.012247,13.696921
572,33.142051,14.190179
573,33.420210,14.098833
574,33.629321,14.489020
575,33.726683,14.714129
576,33.848649,14.436905
577,33.968351,14.359204
578,33.728024,14.228921
579,33.695344,13.498787
580,33.495707,13.160696
581,33.499994,13.119132
582,33.032359,13.046476
583,32.907314,13.348746
584,32.893192,13.077478
585,33.251378,12.982995
586,33.743635,12.780202
587,34.014360,12.874345
588,34.035749,12.785525
589,34.248253,12.600956
590,34.502033,12.142045
591,34.224832,11.977090
592,34.354532,12.157156
593,34.609076,11.775511
594,34.031207,12.083338
595,33.992925,11.882732
596,33.902120,11.507861
597,34.104801,11.717994
598,34.322341,11.379108
599,34.290337,11.344356
600,34.598960,11.004916
601,34.658327,10.953755
602,34.361864,11.283437
603,34.555468,11.830488
604,34.428537,12.112396
605,34.387357,12.472578
606,34.618154,12.472778
607,34.570669,12.588359
608,34.606083,12.526985
609,34.644137,12.107229
610,35.175969,12.422799
611,35.586635,12.062711
612,35.774138,12.060313
613,35.741251,11.529574
614,35.623890,11.538232
615,35.678639,11.180979
616,34.958483,11.459978
617,34.809391,11.110701
618,35.003147,10.738178
619,34.386668,11.529463
620,33.893992,12.041290
621,33.411394,11.556828
622,33.187911,11.719200
623,33.141974,11.545773
624,33.046296,11.550379
625,33.180308,11.637189
626,33.247131,12.057776
627,33.340050,12.018744
628,33.812702,11.781910
629,33.640195,11.823091
630,33.329507,12.140577
631,33.012440,12.071957
632,32.758564,12.252716
633,33.377846,12.002746
634,33.359930,12.086935
635,33.396152,12.175256
636,33.220912,12.113117
637,33.356530,11.820341
638,33.363497,11.762012
639,33.428801,10.991714
640,33.455193,10.434210
641,33.448264,10.674183
642,33.013377,10.678707
643,32.487590,11.045084
644,32.046252,11.286519
645,32.318840,11.156275
646,32.398153,11.194755
647,32.697098,11.321060
648,32.763015,11.242954
649,32.877818,10.832526
650,32.970218,11.238074
651,32.745526,11.350258
652,32.607632,11.423680
653,32.915290,11.537191
654,33.310518,11.309710
655,33.111474,11.675189
656,33.154291,11.812653
657,33.523479,11.533167
658,33.626092,11.416961
659,33.937129,11.411977
660,34.283206,11.282446
661,34.334700,11.121975
662,34.591496,11.126775
663,34.796942,11.477447
664,34.436921,11.817535
665,34.396387,11.699343
666,34.145770,11.589684
667,34.241787,11.839247
668,34.076018,11.239356
669,33.887272,11.310051
670,34.097647,11.225066
671,34.564209,11.135279
672,34.082177,11.379536
673,33.948811,11.756481
674,33.759216,11.783763
675,33.672796,12.175015
676,33.591365,12.488276
677,34.023311,12.613691
678,34.498539,13.446972
679,34.803098,13.258840
680,34.876551,13.214881
681,35.172056,13.206079
682,35.089814,13.014115
683,34.852138,12.774091
684,34.752426,12.525153
685,34.243018,12.515983
686,33.777762,13.067339
687,33.500477,12.946026
688,33.669545,12.664972
689,33.857832,12.325742
690,33.919715,12.012724
691,33.798960,12.035230
692,34.037469,12.009262
693,33.885349,12.503046
694,33.944342,13.040586
695,33.394385,13.010760
696,33.658154,13.282587
697,33.576165,13.195466
698,33.382509,13.297130
699,33.215191,13.787110
700,33.716181,13.365083
701,34.483214,13.068770
702,35.010859,13.767801
703,35.684061,13.692351
704,35.691860,13.705338
705,36.011067,13.186744
706,35.651328,13.550824
707,36.158499,13.362363
708,36.235603,13.566687
709,36.564811,13.739564
710,36.534798,14.282679
711,36.647420,14.387846
712,36.370229,14.259191
713,36.109843,14.339968
714,35.899188,14.322764
715,35.815194,14.237365
716,35.804463,13.854773
717,35.150234,14.205374
718,34.882075,14.242630
719,34.528740,14.399472
720,33.923167,14.615156
721,33.614823,15.031983
722,33.746199,15.155412
723,33.566092,15.210229
724,33.604632,14.756175
725,33.622271,15.023747
726,33.670972,15.117278
727,34.070222,14.690701
728,33.775530,14.541526
729,33.799488,14.865532
730,33.269405,15.172844
731,33.724471,14.124109
732,34.130883,14.372116
733,33.980987,13.820838
734,34.290975,13.856806
735,34.038068,13.802818
736,33.829808,13.774981
737,33.432445,13.809444
738,33.210277,13.806130
739,32.726274,13.856007
740,32.541371,13.945318
741,32.699451,13.664834
742,32.112083,14.061589
743,31.828274,14.141283
744,31.875125,14.475104
745,31.582728,14.522589
746,31.475642,14.106894
747,31.305038,14.319830
748,30.908221,14.513385
749,31.071352,14.178520
750,31.425554,13.515074
751,31.086928,14.079062
752,30.759000,14.096637
753,31.150679,14.483030
754,31.094463,14.725774
755,31.446775,14.364702
756,31.540930,14.591160
757,31.351312,14.655398
758,31.592304,14.371975
759,31.784680,14.781112
760,31.705038,14.949919
761,31.696791,14.397642
762,31.369702,14.263070
763,31.334281,13.488097
764,32.041080,13.749886
765,32.414631,14.038333
766,31.932368,14.415783
767,31.432137,14.275732
768,31.420863,13.851381
769,31.208490,14.323720
770,31.195567,14.086523
771,31.343998,14.236570
772,32.014788,14.274815
773,32.466736,13.970037
774,32.109049,13.739225
775,31.941215,13.833301
776,31.865318,13.530702
777,31.807287,13.257856
778,31.662107,13.419845
779,31.215387,13.221286
780,31.029336,13.065491
781,30.962096,13.365091
782,31.166828,13.161218
783,31.351768,13.380450
784,31.051921,13.469333
785,31.187419,13.584581
786,30.841591,14.034406
787,30.606545,14.622876
788,30.599650,14.311281
789,30.542959,14.011146
790,30.584988,13.724189
791,30.534852,13.697891
792,30.334109,13.822939
793,30.703526,13.464317
794,30.844545,14.036987
795,30.768939,14.300603
796,30.584942,14.389649
797,31.000013,14.096726
798,31.550561,14.252803
799,31.976624,14.296944
800,31.724152,13.978224
801,32.128687,13.957285
802,32.241028,13.646009
803,32.187125,13.228824
804,32.073754,13.539783
805,31.995322,13.739688
806,31.758394,13.855553
807,31.649070,14.013826
808,31.216037,13.948363
809,31.648049,13.663363
810,32.078420,13.464692
811,32.483411,13.537517
812,32.583631,13.399157
813,32.872483,13.529743
814,32.838436,13.688493
815,32.604795,13.342948
816,32.477476,13.750795
817,31.850350,14.169545
818,31.567747,14.200234
819,31.800310,14.152865
820,31.201450,14.586851
821,31.357286,14.741534
822,31.281246,14.540184
823,31.041704,13.902156
824,30.886255,13.412415
825,30.910425,12.700808
826,30.603441,12.730119
827,30.500481,12.810302
828,30.358242,13.211058
829,30.534417,13.167541
830,30.348589,13.178247
831,30.643536,13.758954
832,30.920972,13.566644
833,30.904056,13.447502
834,30.801873,12.780176
835,30.617321,12.362417
836,30.020404,12.739348
837,29.670186,13.005298
838,29.261463,13.348509
839,29.384107,13.695609
840,29.144559,13.579756
841,29.188989,13.512145
842,29.235491,12.711077
843,29.478676,12.329611
844,30.079047,12.208065
845,30.328520,12.194361
846,30.509826,12.225729
847,30.322324,11.876428
848,30.016877,11.796973
849,30.066262,11.643877
850,30.248514,11.551391
851,30.012114,11.678767
852,30.188381,11.287762
853,30.127334,10.920598
854,29.699550,11.064745
855,29.515729,11.095069
856,29.547983,10.966109
857,29.141682,10.856623
858,29.000358,10.836440
859,29.240501,11.574654
860,29.281257,11.497931
861,29.514585,11.602926
862,29.893208,11.949110
863,30.287489,11.964679
864,30.632431,12.016040
865,30.294774,12.083708
866,29.958055,11.909630
867,30.060772,12.118116
868,29.901520,12.351257
869,29.866934,12.174419
870,29.730360,12.111995
871,29.690390,12.419933
872,29.524679,12.279948
873,29.797001,12.811716
874,29.953666,12.210023
875,30.070392,11.937748
876,29.696840,12.504139
877,30.019898,12.555660
878,30.574040,11.669669
879,31.088417,11.647773
880,31.164986,11.711594
881,30.555589,11.829867
882,30.532657,11.766600
883,30.730440,11.438328
884,30.689329,11.405475
885,30.706624,11.368084
886,30.368017,11.169702
887,30.205688,11.418673
888,30.341282,11.386908
889,30.050835,11.527605
890,29.733706,11.409839
891,29.206050,11.718431
892,28.821849,12.231140
893,28.949511,12.034887
894,28.457048,11.944103
895,29.131337,12.212605
896,29.573123,12.143252
897,29.363327,12.732949
898,29.394134,12.869967
899,29.779113,12.938664
900,29.990614,12.725391
901,30.030995,13.164532
902,29.739941,13.444688
903,29.266902,13.658388
904,29.669901,14.368687
905,29.880979,14.684640
906,29.592769,14.816271
907,29.163278,15.081963
908,28.325091,15.292010
909,27.850586,15.278165
910,27.869615,15.305656
911,28.207683,15.218888
912,28.166092,15.648279
913,28.364433,16.317453
914,28.831820,16.544377
915,28.520494,16.855034
916,28.511381,17.105393
917,28.634187,17.094403
918,28.384940,17.263370
919,28.740358,16.672606
920,28.090466,17.130984
921,28.084818,16.415455
922,27.758243,16.541063
923,27.755981,16.678876
924,28.305128,16.551918
925,28.539837,17.087166
926,28.745714,16.664851
927,28.378212,16.908882
928,28.633206,16.818128
929,28.452124,16.424105
930,28.702806,16.086057
931,29.060496,16.149889
932,29.266752,16.115399
933,29.572499,16.308424
934,29.791622,16.114186
935,29.862149,15.792078
936,30.256770,15.481601
937,30.635268,15.208440
938,30.803677,14.518114
939,30.701967,14.473745
940,30.683648,14.681995
941,31.027256,14.402257
942,31.769676,14.261550
943,31.820382,14.697914
944,32.398628,14.190906
945,32.424356,14.233524
946,32.352671,14.219208
947,32.671910,14.103717
948,32.908265,14.263423
949,33.582249,13.936341
950,33.484030,13.575482
951,33.390678,13.746623
952,32.910537,14.016755
953,32.812023,13.636417
954,32.792724,13.434766
955,32.921111,12.975480
956,33.054453,12.790820
957,33.108376,13.193532
958,32.833739,13.518092
959,32.563279,13.852971
960,32.694035,13.809561
961,32.689679,13.989432
962,32.574550,14.458290
963,32.601732,14.003125
964,32.730622,13.903739
965,32.753898,13.758114
966,32.871338,13.630425
967,33.050738,13.602133
968,32.555730,13.671638
969,32.410400,13.557294
970,32.394058,14.312896
971,32.336334,13.982180
972,32.163793,14.153921
973,32.599244,14.355944
974,32.849660,14.049041
975,32.689502,13.872931
976,32.584728,13.949540
977,32.078724,13.948742
978,32.092556,13.882381
979,32.363037,13.811310
980,32.118508,13.766210
981,31.308073,13.932502
982,31.045399,14.172494
983,30.984689,14.265689
984,30.957992,14.232934
985,30.815522,13.614584
986,31.352227,13.882189
987,31.450303,14.469334
988,31.454957,14.982901
989,30.923376,14.745814
990,30.546792,14.852602
991,30.512511,15.106284
992,30.682362,15.355800
993,30.290275,15.506655
994,29.992967,15.876871
995,30.309021,16.039793
996,29.959305,16.283606
997,30.422783,15.853340
998,30.916504,15.449634
999,31.096493,15.408277
1000,30.870398,15.205079
