# this data file was made with generate_cvs.tcl
# Chains E,F,G,H are on residues 50-69 of chains A through D (present only in the C8 cage models!)
# Chains I,J,K,L are on residues 10-29 of chains A through D (present in both C4 and C8 cage models)
# this script generates CV's for the shotgun simulation restarts
# [frame, distance along z cordinate of protein (0 is center), distance protein is away from the center of the top of the cage in the plane]
0,64.143827,10.540716
1,63.764174,10.764568
2,63.501520,10.434921
3,63.527768,10.795557
4,63.066369,10.296962
5,62.760273,10.710700
6,62.606593,10.495189
7,62.601998,11.044975
8,62.196661,10.664633
9,61.798561,10.659580
10,61.771050,10.991899
11,62.092723,11.100292
12,62.266564,11.193639
13,62.501379,10.909119
14,62.533279,10.965288
15,62.349941,10.613541
16,62.253897,11.159844
17,61.890654,10.623024
18,62.420980,9.840029
19,62.489209,9.923929
20,62.989502,9.814032
21,63.273360,9.863370
22,62.874109,10.230100
23,62.818414,10.563730
24,62.929792,10.223443
25,62.690828,10.133214
26,62.306292,10.112604
27,62.606710,10.523091
28,62.877040,10.483145
29,63.109215,10.259482
30,63.588774,9.975911
31,63.760301,9.543558
32,63.521525,9.158939
33,63.153091,9.936869
34,62.779900,9.814563
35,62.088105,10.304358
36,61.925327,10.230378
37,62.014392,10.554752
38,61.712872,10.441868
39,61.756852,10.507069
40,62.029436,10.571710
41,61.896956,10.397736
42,61.614689,10.471654
43,61.319451,10.978237
44,60.874262,11.025788
45,61.365818,11.239400
46,61.404249,11.267678
47,61.527919,11.043583
48,61.645807,11.338496
49,61.109364,11.311842
50,60.875800,11.527470
51,60.981265,11.694627
52,61.443014,11.955525
53,61.511475,11.959157
54,61.287730,12.431429
55,61.237919,12.485089
56,61.273057,12.489067
57,61.330357,12.621981
58,61.473347,12.400063
59,61.298480,12.023535
60,61.460143,11.624236
61,61.266709,11.688721
62,60.670056,11.459913
63,60.657212,11.306321
64,61.346535,11.499007
65,61.513389,10.795131
66,61.411731,10.848220
67,61.980835,10.824962
68,61.921090,10.967532
69,62.224020,11.979909
70,62.649835,12.188536
71,62.846997,12.101773
72,62.449868,12.423920
73,62.241844,12.329945
74,62.836882,12.489342
75,63.644324,12.357767
76,63.859689,12.163898
77,64.308061,12.391060
78,64.760044,12.170685
79,65.253886,12.930594
80,65.457329,12.325493
81,65.324974,12.525072
82,64.742549,12.496268
83,64.758183,12.803570
84,64.800413,12.741286
85,64.347869,12.947629
86,64.340497,13.175258
87,64.553597,13.402431
88,64.767208,13.722355
89,64.741521,13.687815
90,64.538820,13.840765
91,64.257965,13.686243
92,64.441168,12.979170
93,64.425733,13.180428
94,64.448298,13.318463
95,64.007459,12.861765
96,63.982625,13.444701
97,63.904780,13.616192
98,64.122283,14.514407
99,64.176091,14.264619
100,64.418695,13.938624
101,64.237272,13.989879
102,64.290763,13.663887
103,64.022889,13.706653
104,64.281378,13.795036
105,64.557289,13.278551
106,64.970669,12.994505
107,64.844982,13.247973
108,65.320639,13.272725
109,65.630671,12.735172
110,65.575928,12.813829
111,64.851797,12.355308
112,64.654507,12.356279
113,64.781080,12.773492
114,64.551275,13.082214
115,64.466173,13.301161
116,64.111227,12.384077
117,63.425697,12.082410
118,63.077268,11.963641
119,62.785728,11.541088
120,62.156384,11.550169
121,61.977793,11.517916
122,61.870740,11.139830
123,61.311578,11.233734
124,61.134605,11.628682
125,60.868360,11.435055
126,61.100802,11.241540
127,60.945855,11.132499
128,60.874239,11.193193
129,60.238548,11.015151
130,60.673723,10.535430
131,61.110694,10.663443
132,61.434349,10.964847
133,61.167979,11.900277
134,60.600541,12.569595
135,60.399787,12.535347
136,60.224308,11.910679
137,60.209612,11.222476
138,60.067765,11.499649
139,59.902337,11.501040
140,59.870258,11.315880
141,59.773769,11.524905
142,59.811799,10.729523
143,59.602647,10.096511
144,59.601656,9.973778
145,59.357444,9.450614
146,59.467306,9.214393
147,59.157581,9.182758
148,59.241193,8.368861
149,59.573481,8.189192
150,59.210328,8.607868
151,59.196953,8.737561
152,59.015704,9.078368
153,59.114370,9.136031
154,59.321967,9.062398
155,59.553502,8.885649
156,59.780751,9.050396
157,60.014298,9.454278
158,60.297227,9.773552
159,60.346705,9.743855
160,60.868131,9.334396
161,60.773904,9.649844
162,60.504544,9.535920
163,60.180230,8.986151
164,59.703300,8.982625
165,59.463426,8.859266
166,59.310175,8.904576
167,59.033992,8.779048
168,58.698373,9.609821
169,58.651939,9.559104
170,58.561876,9.093209
171,58.437355,9.067769
172,58.589521,9.034235
173,58.875270,8.853914
174,58.983409,8.798471
175,59.378255,9.039347
176,59.386506,9.011849
177,59.236102,8.657866
178,59.524833,8.657762
179,59.602510,8.478760
180,59.978752,8.382640
181,60.307963,7.963554
182,60.659425,8.320252
183,60.569483,8.207456
184,60.574284,7.926771
185,60.557638,7.983104
186,60.649850,7.968321
187,60.382751,8.491434
188,59.943927,8.493555
189,60.091814,8.336172
190,59.683247,8.455120
191,59.604191,8.748199
192,59.653357,8.711951
193,59.890166,8.353896
194,60.215477,8.128737
195,60.789609,7.862232
196,60.951454,7.748158
197,60.794775,8.147784
198,60.388040,8.391566
199,59.979983,8.526586
200,60.255995,8.606638
201,60.565810,8.039578
202,60.505482,8.495666
203,60.263038,8.586893
204,60.020752,9.016227
205,59.818762,9.059442
206,59.562546,9.208940
207,59.835956,9.274031
208,60.323411,9.125299
209,60.655772,9.202761
210,60.531519,9.242541
211,60.375160,9.290953
212,60.332988,9.304675
213,60.298371,9.602690
214,60.465390,9.240554
215,60.210834,9.563994
216,60.172608,9.001611
217,59.774877,8.883970
218,59.680707,8.623160
219,59.762062,8.587140
220,59.836782,8.779867
221,59.583724,8.773756
222,59.768629,9.145886
223,59.825738,9.312657
224,60.174808,9.269181
225,60.159244,9.402723
226,60.190176,9.734596
227,59.402281,10.145324
228,59.330795,10.261451
229,59.758548,10.017133
230,59.414762,9.866528
231,59.515822,9.922769
232,59.476642,10.149880
233,58.939630,10.593235
234,58.981654,10.242639
235,58.879390,10.504338
236,58.974165,10.226823
237,59.017015,10.205942
238,58.511645,10.127374
239,58.301345,10.749803
240,58.281369,11.174048
241,57.989791,10.966681
242,57.919346,10.997225
243,57.262886,10.772502
244,57.470289,10.572010
245,57.263044,10.624482
246,56.738445,11.094485
247,57.042781,11.338003
248,57.927010,11.462987
249,58.368262,11.213190
250,58.501897,10.640648
251,58.899253,10.325079
252,58.536754,10.073464
253,58.655528,10.017027
254,58.882838,10.732829
255,58.848862,10.747035
256,58.665852,10.493112
257,58.377668,10.721082
258,58.710863,10.564676
259,58.580299,10.202559
260,58.362635,10.327248
261,57.862481,10.470369
262,57.446520,10.085101
263,57.517575,9.774835
264,56.997190,10.161467
265,56.782721,10.386426
266,56.810611,10.316248
267,56.581776,9.549361
268,56.685630,8.903170
269,56.588005,9.174936
270,56.699760,9.072069
271,56.682394,8.598535
272,56.589043,8.927596
273,57.178615,8.672968
274,57.531483,8.858504
275,57.866041,8.758998
276,58.091232,8.967756
277,57.882634,9.134189
278,57.707328,9.034113
279,57.702091,9.192377
280,57.677981,9.088717
281,58.063341,9.165529
282,58.225419,9.421953
283,58.216914,9.510434
284,58.331154,9.809093
285,58.088098,9.163257
286,57.602589,9.543566
287,57.508672,9.538892
288,57.662863,9.295517
289,57.848919,8.821594
290,57.397526,8.444090
291,57.454729,8.600160
292,57.317181,8.427301
293,56.957995,8.863439
294,57.024142,9.056158
295,57.096627,8.966809
296,56.855318,9.162527
297,56.704920,8.896529
298,56.291526,8.464192
299,56.023260,8.290718
300,56.278321,8.301464
301,56.814679,8.185465
302,56.558340,8.202788
303,56.048476,8.606387
304,56.057371,9.012044
305,55.959291,8.675684
306,55.830393,8.931954
307,56.016047,8.855507
308,56.164123,8.842481
309,56.133509,8.482568
310,56.374874,8.079709
311,56.272712,8.030735
312,56.479768,8.360748
313,56.640683,8.378854
314,56.871858,8.473553
315,57.224739,8.226086
316,57.764498,8.255508
317,57.469495,8.343903
318,57.228504,8.010712
319,57.006978,8.008795
320,56.967659,7.989517
321,57.389794,8.098176
322,57.753457,8.169243
323,58.170305,8.906868
324,58.522392,8.803046
325,58.679110,8.933245
326,58.231281,9.255946
327,58.098957,8.969517
328,58.261471,8.824898
329,57.471045,9.116774
330,57.185993,9.016034
331,57.299637,8.906437
332,57.561385,8.878810
333,57.879355,8.745080
334,57.688814,9.269994
335,57.817644,9.323005
336,57.579457,9.349496
337,57.036042,9.280428
338,57.013623,9.271381
339,57.203916,9.287135
340,57.157244,9.115224
341,57.147537,9.137156
342,56.747061,9.469720
343,56.984431,9.074648
344,57.223952,9.259543
345,57.668394,8.998085
346,57.542575,8.881824
347,57.619101,8.496328
348,57.749484,8.136153
349,57.793358,8.384682
350,57.546333,8.748864
351,57.966404,8.238046
352,58.024778,8.217952
353,58.153442,8.082190
354,58.952376,7.564024
355,59.279831,7.663014
356,59.274269,7.826156
357,59.199897,7.734347
358,58.572099,7.601418
359,58.141647,7.703962
360,57.911855,7.246646
361,57.586262,6.824484
362,57.481305,6.581021
363,57.196825,6.694229
364,56.960222,7.211056
365,57.133357,7.258684
366,57.322035,7.152734
367,57.742166,7.090779
368,57.987001,6.822170
369,57.808349,7.052247
370,57.652292,7.391079
371,57.422979,7.608830
372,57.557701,7.494104
373,57.484844,7.312740
374,57.759171,7.094695
375,57.756169,6.389610
376,58.090125,6.355344
377,58.048233,6.159678
378,58.604423,6.453463
379,58.296099,7.014356
380,58.546609,7.330099
381,58.786898,7.305335
382,59.032869,7.779830
383,59.074701,7.850723
384,59.294888,8.181593
385,59.743730,8.181401
386,59.822922,8.213613
387,59.965473,8.413394
388,59.888820,8.289182
389,59.642705,8.976795
390,59.665239,8.589869
391,59.475867,8.249171
392,59.574450,8.427299
393,59.651871,8.191686
394,59.881990,8.063447
395,60.226791,8.014055
396,60.327247,7.630481
397,60.555572,7.979102
398,60.803034,7.945873
399,60.738864,7.998112
400,60.805460,8.010236
401,61.025180,8.040079
402,60.870776,8.333172
403,60.359436,8.536522
404,60.681058,8.914103
405,60.853261,8.585663
406,60.645086,8.674599
407,60.828972,8.966331
408,61.135043,8.975838
409,61.387740,8.438570
410,61.411461,8.786645
411,61.242479,8.971675
412,61.093116,7.958301
413,60.832799,8.070417
414,60.884057,7.833393
415,60.877590,7.918691
416,60.547760,7.515148
417,60.259852,8.138276
418,59.995074,8.556985
419,60.237492,8.342789
420,60.211275,7.705667
421,60.116596,7.398711
422,60.143004,7.416332
423,59.951704,7.443730
424,60.610017,6.918042
425,61.043354,7.426177
426,60.704759,7.442511
427,61.104346,7.366023
428,60.264098,7.612002
429,60.347752,7.964419
430,60.200100,7.872367
431,59.623245,7.816697
432,59.494664,7.926996
433,59.475806,7.874816
434,59.118635,8.138127
435,58.860137,7.957427
436,58.532048,8.256341
437,58.588069,8.723788
438,58.502279,8.563309
439,58.582422,8.208384
440,58.265287,8.017557
441,57.805616,7.854766
442,58.228880,7.748099
443,58.250992,7.903100
444,58.387367,7.681740
445,58.308145,8.213969
446,58.437018,7.826608
447,58.711826,7.728480
448,59.318362,8.226169
449,59.434633,8.032634
450,58.997133,8.023925
451,58.862134,7.950141
452,58.675260,8.283286
453,58.977238,8.120539
454,58.921637,8.165756
455,58.643741,8.670957
456,59.210249,8.641797
457,59.103688,8.427880
458,59.413122,8.836657
459,59.894865,9.078907
460,60.139020,9.326497
461,60.917650,8.799329
462,61.492857,8.850374
463,61.725688,8.975644
464,61.878580,8.988955
465,62.153153,8.802772
466,62.294746,8.956934
467,62.472479,9.658516
468,62.141665,9.664190
469,61.813336,9.691785
470,61.626455,10.041931
471,61.705800,10.258413
472,61.779393,10.645676
473,62.318644,10.187911
474,62.650048,9.630658
475,62.492468,9.324103
476,62.033514,9.579993
477,61.863395,9.251944
478,61.849620,9.552376
479,61.782143,9.288330
480,61.676910,9.689148
481,61.754849,8.964102
482,61.720924,8.666530
483,61.295178,8.575694
484,60.827833,8.940670
485,60.385388,8.841314
486,60.319163,8.656219
487,60.456058,9.152400
488,60.782885,8.721018
489,60.634601,8.788232
490,61.359550,9.088126
491,61.184727,9.098390
492,61.210139,9.239527
493,60.808789,9.247421
494,60.539618,9.533718
495,60.489328,9.680147
496,60.604848,9.418126
497,60.117901,9.048020
498,59.551625,8.965203
499,59.304270,8.448431
500,59.270129,8.970920
501,59.205308,9.240008
502,59.191770,8.757610
503,59.024329,8.373687
504,58.883928,8.043851
505,58.856532,8.234842
506,59.210423,8.257831
507,60.062505,8.288914
508,60.198422,7.918847
509,60.185659,7.449298
510,60.231662,8.241527
511,60.209680,8.136067
512,59.825160,8.094324
513,59.756057,8.481714
514,59.941289,8.519649
515,60.150368,8.562709
516,59.973718,8.827088
517,59.760562,9.020022
518,59.825038,9.214182
519,59.170411,9.426065
520,58.356214,9.668460
521,58.073264,10.124853
522,57.881063,9.759959
523,57.910628,10.409218
524,57.486248,9.948386
525,57.471493,9.409536
526,57.120927,9.850905
527,57.170335,9.859409
528,56.863591,9.782941
529,56.690021,9.839687
530,56.776440,9.774606
531,57.331422,10.044760
532,56.909439,10.262345
533,56.574413,10.382497
534,56.316211,10.432898
535,55.759958,10.631236
536,55.023325,10.303142
537,55.043796,9.795732
538,55.102028,9.575537
539,55.182940,9.726058
540,55.014760,9.820646
541,54.923100,9.890869
542,55.060904,10.215098
543,55.302521,10.542248
544,55.474408,10.708376
545,55.471518,10.855017
546,55.022639,10.931375
547,55.477388,11.270158
548,55.602028,11.450179
549,55.781807,11.000786
550,55.638538,11.288473
551,55.734053,11.455389
552,55.622788,11.468505
553,55.483072,11.876619
554,55.481639,11.750831
555,55.537348,11.315289
556,55.440527,11.207662
557,55.597553,11.173528
558,55.096495,11.792018
559,55.000205,11.677253
560,55.117895,11.406827
561,55.058656,11.321547
562,55.096582,11.292705
563,55.248187,11.457738
564,55.858400,10.910970
565,55.697198,10.408854
566,55.617345,11.171833
567,55.482800,11.258769
568,55.472229,11.006484
569,55.599752,10.757582
570,55.938873,11.023389
571,56.197590,10.834732
572,56.055660,10.522051
573,56.125305,10.821092
574,55.596354,10.781518
575,55.763113,10.350389
576,55.695613,10.534947
577,56.108495,10.019571
578,56.413991,10.403789
579,56.679106,10.581150
580,56.878253,10.800858
581,56.885364,10.500192
582,57.000719,10.218546
583,57.283291,10.096342
584,57.266948,10.530882
585,57.252164,10.788619
586,57.292790,10.590333
587,56.960354,10.273656
588,56.672184,10.365860
589,56.611639,10.102113
590,56.606844,10.395980
591,56.693402,10.472360
592,56.614673,10.279186
593,56.641382,9.922861
594,56.393599,9.447103
595,56.093514,9.478443
596,55.891895,9.260639
597,55.870548,9.294281
598,55.717973,8.807369
599,55.348249,9.010599
600,55.639576,9.307604
601,55.717093,9.198841
602,55.478738,9.543487
603,55.731434,9.624241
604,55.723508,9.575623
605,55.306721,9.486419
606,55.683849,9.437315
607,55.963008,9.474787
608,55.758497,9.619097
609,55.500746,9.820762
610,56.049306,9.693576
611,56.060232,9.987340
612,56.230147,10.373376
613,55.759663,10.489299
614,55.736300,10.688017
615,56.157624,10.259718
616,55.967171,9.950716
617,56.075823,10.355827
618,56.080261,10.086697
619,56.442894,10.081265
620,56.601016,9.776454
621,56.778051,9.355934
622,56.493488,9.214594
623,55.784274,9.581743
624,55.557487,9.118044
625,55.105674,9.375643
626,54.702592,9.149765
627,55.193450,8.918625
628,55.427774,8.281835
629,55.475973,8.296293
630,55.553963,8.285346
631,55.843924,8.334118
632,56.452086,7.660448
633,56.368740,7.576458
634,56.291951,7.718122
635,56.058595,8.001899
636,56.221000,8.024588
637,56.455239,7.541846
638,56.796911,7.251377
639,56.348421,7.408984
640,56.217175,7.327600
641,55.802731,7.534527
642,55.795798,7.092952
643,55.575045,7.064921
644,55.286126,7.466546
645,55.554362,7.755460
646,55.622145,8.334366
647,55.948287,8.751940
648,55.839473,9.365052
649,55.423924,9.758623
650,55.267044,9.463463
651,55.763468,9.483860
652,55.775143,9.653754
653,55.516118,9.654071
654,54.987393,9.748148
655,54.680297,9.703956
656,54.622400,9.619873
657,54.774265,9.490350
658,55.291144,9.233922
659,55.358716,9.712466
660,55.149017,9.363577
661,54.740331,9.530412
662,54.323814,9.369169
663,54.421894,9.485920
664,54.256694,9.909064
665,54.169135,10.026433
666,53.856717,9.609494
667,53.638837,10.024793
668,53.352827,10.067635
669,53.253173,10.347668
670,53.391127,10.755534
671,53.351760,11.316247
672,53.262642,11.248844
673,53.698631,10.724549
674,54.045298,10.847784
675,54.686440,11.250210
676,54.894631,11.965732
677,54.893000,12.161933
678,54.756080,12.558870
679,54.540869,12.058765
680,54.631770,11.994804
681,54.863671,11.869951
682,55.366518,11.543098
683,55.697971,11.064025
684,56.034291,10.614084
685,56.173594,10.601045
686,56.331555,10.886082
687,56.342705,11.578574
688,56.436498,11.642051
689,56.097156,11.445499
690,55.907950,11.044815
691,55.623348,11.150455
692,55.886450,11.053062
693,56.394986,11.093257
694,56.488655,10.985431
695,56.308858,11.422504
696,56.485508,11.362326
697,56.404262,11.953916
698,56.329857,11.416815
699,56.107727,11.084213
700,56.129532,11.184167
701,56.251584,10.764913
702,56.344617,10.419264
703,56.497007,10.259060
704,56.320767,10.410811
705,56.252286,10.514159
706,56.782505,10.278231
707,57.369634,9.743982
708,57.430870,9.459695
709,57.898286,9.746704
710,57.409666,9.995537
711,57.326373,9.964902
712,57.241839,10.040101
713,56.897365,9.813992
714,56.796021,9.377882
715,56.546437,9.512081
716,55.972878,10.045863
717,56.081787,10.170098
718,56.294179,10.116959
719,56.788929,9.886117
720,57.001327,9.401009
721,57.248574,9.703191
722,57.219502,9.732986
723,57.512214,9.978975
724,57.403357,10.161818
725,57.149600,10.262584
726,57.016689,10.070610
727,56.796745,9.529398
728,56.702169,10.398090
729,56.858948,10.441671
730,57.106619,9.947550
731,57.331202,10.004902
732,58.052680,9.817412
733,57.918980,9.922724
734,57.570822,10.200746
735,57.575579,9.961770
736,57.706987,10.232931
737,58.343722,10.390686
738,58.173444,10.602750
739,58.122786,10.534624
740,58.020740,10.353980
741,58.029236,10.482271
742,58.093081,10.721092
743,57.753840,10.654741
744,57.965871,10.662557
745,58.174942,10.345309
746,58.229324,10.372968
747,58.160872,10.334151
748,58.283980,10.566607
749,57.822728,10.304079
750,57.440878,10.543526
751,57.350908,10.438260
752,57.054819,10.310772
753,57.184218,10.675188
754,56.691138,11.076306
755,56.534725,11.575173
756,56.574287,11.857984
757,56.564042,12.474815
758,57.057950,12.365517
759,57.157422,12.546779
760,57.315801,11.938550
761,56.996004,11.770849
762,56.816221,11.922174
763,57.289895,11.436219
764,57.374671,11.228654
765,57.352900,11.069316
766,57.383715,11.591644
767,57.438270,11.199623
768,57.807428,11.339648
769,57.990697,11.335720
770,58.376534,11.142374
771,58.715282,11.105587
772,58.820323,11.039783
773,59.132712,11.034099
774,59.573336,10.872956
775,59.929117,10.713066
776,59.784534,10.858506
777,59.742473,11.169055
778,59.722164,10.830239
779,59.734510,10.288113
780,59.630462,10.535563
781,59.816344,10.076911
782,60.396863,10.330259
783,60.377946,11.198771
784,60.714286,11.277303
785,60.674571,11.392837
786,60.319660,11.633171
787,60.144906,11.375497
788,59.891827,11.367761
789,60.559054,11.696276
790,60.619358,11.269234
791,60.728814,11.555545
792,60.894308,11.366520
793,61.029370,11.501444
794,60.893248,11.504026
795,60.624170,11.697463
796,60.301028,11.829444
797,60.111072,12.312161
798,60.084492,12.335895
799,59.873873,12.464485
800,60.554880,12.318553
801,60.539225,11.996304
802,60.875437,12.209833
803,60.815227,12.043819
804,60.154833,11.665103
805,60.020044,11.884196
806,60.060842,11.844614
807,59.643006,11.797662
808,59.205998,11.705941
809,58.652581,11.379200
810,58.941819,11.783108
811,58.386193,11.632002
812,58.378253,11.423076
813,58.624070,10.929353
814,58.793346,11.219446
815,58.189972,11.185136
816,57.971531,10.987520
817,58.179442,10.343425
818,58.104754,10.112043
819,57.470279,9.711803
820,57.477152,9.985011
821,56.604832,9.589983
822,56.200407,9.643234
823,55.689764,9.432441
824,55.699037,8.694774
825,55.591826,8.678984
826,55.548369,8.531345
827,55.644901,8.458998
828,55.643322,7.979024
829,55.924636,7.902610
830,55.986027,7.324185
831,56.224616,7.594184
832,56.335014,7.922830
833,56.795930,8.216444
834,56.931410,7.981120
835,57.102637,8.042315
836,57.622033,7.925447
837,57.127383,7.841354
838,56.659434,7.874213
839,57.031504,7.763626
840,56.517178,7.592069
841,56.652582,7.927083
842,56.679005,8.129618
843,56.320676,7.843157
844,56.235288,7.437437
845,56.826017,7.316200
846,56.619253,8.037277
847,56.759679,7.851966
848,56.763209,8.012195
849,57.353707,7.436953
850,57.559079,7.545364
851,57.225776,7.669231
852,56.979350,7.783780
853,56.824669,7.829023
854,56.509143,7.955035
855,56.479495,8.025731
856,56.188459,7.876096
857,55.978571,8.182264
858,56.392900,8.518460
859,56.300765,8.784188
860,56.416805,8.748956
861,56.456993,9.046014
862,56.214880,8.961041
863,56.412998,9.328698
864,56.268436,9.249331
865,56.300210,9.396131
866,56.519380,9.521041
867,56.275323,9.325593
868,56.513940,9.579433
869,56.725110,9.444915
870,57.102281,9.519956
871,57.190124,9.704497
872,56.672899,9.311793
873,56.744537,9.436157
874,56.895064,9.633847
875,57.617296,9.372247
876,57.747907,9.436705
877,57.436726,9.712594
878,57.474638,8.938484
879,57.188788,8.695527
880,57.579019,8.193411
881,57.907205,8.116786
882,58.474676,7.817844
883,58.327545,7.826352
884,58.206903,8.172844
885,58.250131,7.817512
886,58.052579,8.369207
887,57.769013,9.062786
888,58.078637,9.466280
889,57.714539,9.625595
890,58.007324,9.428566
891,57.894877,9.545941
892,57.973009,9.630120
893,57.710706,9.691564
894,57.369925,10.106877
895,57.690310,10.500257
896,57.506947,10.552422
897,57.571169,10.427342
898,57.028835,10.734788
899,56.778964,10.630356
900,56.819796,10.754754
901,56.629887,10.764439
902,56.616039,10.908302
903,56.723806,11.163702
904,56.859921,11.007585
905,57.039853,11.028375
906,57.356694,10.786788
907,56.935773,10.658339
908,56.446082,10.530057
909,56.393832,10.366552
910,56.495101,10.270451
911,56.592276,11.094724
912,56.772832,11.288942
913,56.827072,11.779604
914,57.049680,12.581637
915,57.324872,12.868498
916,57.227616,13.126508
917,56.964901,13.777012
918,57.278670,13.654914
919,57.007804,13.493777
920,56.779530,13.349652
921,57.048262,13.299830
922,57.313498,13.228668
923,57.477515,13.080622
924,57.852771,13.007606
925,57.958877,13.545579
926,57.723519,13.050210
927,57.595860,12.792173
928,57.767998,13.223550
929,57.443176,13.336071
930,57.388092,13.397633
931,57.242766,13.330568
932,57.281115,13.564133
933,57.087600,13.145392
934,57.039777,12.766881
935,57.191365,12.597606
936,57.227836,11.895442
937,57.481078,11.657749
938,57.980245,11.524717
939,57.798641,11.140856
940,57.826544,11.570649
941,57.688167,11.739036
942,57.358462,11.375251
943,56.843700,11.188420
944,56.901225,11.041832
945,56.681522,11.290583
946,56.635234,10.766302
947,56.325625,10.777940
948,55.726704,11.049970
949,55.887676,11.223870
950,55.709953,10.682508
951,55.254435,10.760591
952,55.355043,10.681115
953,55.114385,10.694680
954,54.723285,10.192651
955,55.081704,10.711851
956,55.488707,10.521042
957,55.540097,10.553648
958,55.385457,10.246411
959,55.044593,10.371316
960,55.543049,9.905211
961,55.588052,9.497484
962,55.744449,9.866192
963,55.561839,10.146273
964,55.811347,10.607383
965,56.176885,10.663905
966,56.102677,10.826284
967,56.247418,10.980984
968,57.112590,11.049429
969,57.534402,10.794075
970,57.406072,10.667723
971,57.237685,10.340573
972,56.822467,10.616860
973,57.066638,10.580027
974,56.604235,10.093252
975,56.592854,9.741065
976,57.047288,9.946972
977,57.675353,9.735231
978,57.891470,9.839660
979,58.068598,9.660354
980,58.222142,9.680403
981,57.958399,9.783311
982,57.766680,9.607150
983,58.335446,9.406352
984,58.401697,9.348005
985,58.401742,9.832836
986,58.290963,10.297225
987,57.894591,10.305440
988,57.250829,10.432377
989,57.162225,10.551902
990,56.996369,10.700416
991,57.389924,10.725676
992,57.050036,10.951835
993,57.402467,10.828272
994,57.202349,11.087675
995,57.199910,11.364975
996,57.086053,11.316770
997,57.229011,11.549345
998,57.731001,11.983100
999,57.023106,11.956712
1000,56.742002,12.088117
