# this data file was made with generate_cvs.tcl
# Chains E,F,G,H are on residues 50-69 of chains A through D (present only in the C8 cage models!)
# Chains I,J,K,L are on residues 10-29 of chains A through D (present in both C4 and C8 cage models)
# this script generates CV's for the shotgun simulation restarts
# [frame, distance along z cordinate of protein (0 is center), distance protein is away from the center of the top of the cage in the plane]
0,56.841628,8.149987
1,56.594735,8.000411
2,56.574057,8.428376
3,56.524119,8.058304
4,56.119920,7.630455
5,55.851634,7.694004
6,55.643592,7.611662
7,55.439117,7.681039
8,55.479640,7.689063
9,55.381105,7.913190
10,55.606445,8.003800
11,55.587257,7.768922
12,55.559980,7.811220
13,54.959119,8.127988
14,54.465157,7.991173
15,54.201483,8.322771
16,54.422957,8.185771
17,54.211228,8.265851
18,54.364671,8.486593
19,54.528222,8.064322
20,54.850530,8.002347
21,55.203448,8.321147
22,55.718094,7.862502
23,56.216538,7.919299
24,56.221751,7.981205
25,56.010270,8.166352
26,55.711869,8.335203
27,55.961328,8.549922
28,55.766877,8.798166
29,55.415109,8.802718
30,54.765512,8.927254
31,54.795915,9.202200
32,55.151633,9.175949
33,55.380372,9.086015
34,55.250947,8.793788
35,55.568294,8.867781
36,55.268714,8.773361
37,54.484969,9.027357
38,54.353630,9.021432
39,54.365543,9.223062
40,54.335279,9.289865
41,54.277617,9.438902
42,54.042794,9.326185
43,53.816512,9.303305
44,53.389893,9.213900
45,53.205990,9.836586
46,53.338192,10.079457
47,53.407373,10.082171
48,53.466839,9.946808
49,53.411071,9.627572
50,53.463158,9.406269
51,53.449888,9.437912
52,53.642487,9.734227
53,54.037314,9.343859
54,54.016212,8.698956
55,53.357891,8.634274
56,53.185251,9.108045
57,53.642773,9.000237
58,53.886509,8.798699
59,53.516030,9.048201
60,53.776136,9.286856
61,53.997929,9.768886
62,54.627952,10.212780
63,54.757977,10.567277
64,54.497181,10.676142
65,54.681565,10.925024
66,54.752080,10.792161
67,54.868776,10.493573
68,54.412687,10.354334
69,54.358855,10.199633
70,53.802495,10.316673
71,53.572114,10.411569
72,53.411176,10.592645
73,53.305785,10.090288
74,52.704910,9.829809
75,52.970276,9.363413
76,52.803540,9.871539
77,52.797744,9.947979
78,52.756971,9.817201
79,52.470689,9.751336
80,52.378773,9.836483
81,52.561100,10.129296
82,52.323743,10.305842
83,52.062601,10.144959
84,52.076940,9.507486
85,52.043735,9.422716
86,52.129003,9.580577
87,51.587982,9.554329
88,51.126096,9.418902
89,51.314374,10.117912
90,51.376569,10.261551
91,51.647094,10.298072
92,51.662753,10.459904
93,51.774425,10.030889
94,51.807819,10.464033
95,51.708786,10.650770
96,51.562627,10.725886
97,51.654238,10.983629
98,51.826951,10.936899
99,51.260493,10.708082
100,51.456423,10.463917
101,51.173548,10.819090
102,50.461396,10.495100
103,49.540629,10.721420
104,49.111495,10.972684
105,49.069087,10.782846
106,49.504479,10.800249
107,49.531443,10.235298
108,49.562684,9.950832
109,49.387574,10.092547
110,49.260920,10.282853
111,48.957410,10.063857
112,48.710865,9.548277
113,48.531512,9.607108
114,48.711435,9.907555
115,48.878477,10.202869
116,49.290383,9.514567
117,49.161082,9.492099
118,49.850455,10.435771
119,49.424937,10.143436
120,49.069089,10.003583
121,49.619813,9.841534
122,50.250217,9.963448
123,50.121076,9.795047
124,50.436558,9.311214
125,50.108364,9.038031
126,50.562732,8.523189
127,51.241256,8.489456
128,51.202983,8.707732
129,51.152311,9.064104
130,50.890076,8.590093
131,50.346879,8.637879
132,49.978825,8.666458
133,49.714939,8.723456
134,50.143356,8.568364
135,50.218857,8.319551
136,50.157739,8.090359
137,49.910223,8.462523
138,49.970436,8.353072
139,49.524492,8.480141
140,49.893685,8.666478
141,50.196650,8.638877
142,49.901044,8.512383
143,49.992054,8.363198
144,49.606001,7.922681
145,49.377497,8.170324
146,49.338982,8.342982
147,49.199889,8.206408
148,49.283900,8.338750
149,49.030599,8.387412
150,48.877518,8.761698
151,48.715266,8.523734
152,48.543932,8.841335
153,48.998429,8.951196
154,49.290229,8.871672
155,49.552486,8.909647
156,49.623415,8.718310
157,49.395754,8.805339
158,49.436179,9.272918
159,49.539470,9.124209
160,49.532325,9.381558
161,49.338882,9.815653
162,49.092829,9.551025
163,49.018757,9.854131
164,49.098230,9.886171
165,49.123924,10.310368
166,49.419009,10.825909
167,48.946896,10.071267
168,49.136273,10.257269
169,49.600646,10.716439
170,50.319040,10.817447
171,50.506355,10.796881
172,50.919685,10.412456
173,50.927726,10.351293
174,50.601711,10.044511
175,50.505803,10.511751
176,50.456704,10.599865
177,50.267284,10.672144
178,50.284362,11.220939
179,50.051734,10.891213
180,49.808098,10.854180
181,49.644501,11.023180
182,49.465348,11.103401
183,49.786874,10.996237
184,49.482422,11.052129
185,49.394489,10.802583
186,49.767186,11.184732
187,49.978149,11.193725
188,49.594202,11.321592
189,49.811560,11.519174
190,49.227358,11.647490
191,49.443130,11.022303
192,49.659284,11.289457
193,50.074441,11.786714
194,50.040958,11.554941
195,49.866439,11.024898
196,50.173278,10.741718
197,50.305831,10.844949
198,50.565742,10.699036
199,51.061222,10.803719
200,51.456405,10.826968
201,51.469443,10.329401
202,51.123448,9.627574
203,51.009292,9.976462
204,51.218397,10.269769
205,51.545257,10.476821
206,51.854891,10.568757
207,52.006620,9.930967
208,52.394655,10.146811
209,52.709299,9.958693
210,52.867964,9.847568
211,53.329769,9.708917
212,53.690609,9.940073
213,53.924541,9.954680
214,53.527869,9.897255
215,53.590909,9.839241
216,53.550675,10.103281
217,53.734552,10.859772
218,53.723891,11.661618
219,53.772887,11.559392
220,53.758029,11.459499
221,53.467218,11.227588
222,53.033343,11.510034
223,52.651982,11.284155
224,52.463513,11.639603
225,52.287745,11.966202
226,52.305701,11.659715
227,52.117032,11.334457
228,51.783028,11.307738
229,51.618741,11.120911
230,51.630641,11.210409
231,51.661792,11.079399
232,52.140513,11.079672
233,52.115913,11.083143
234,51.215110,10.758681
235,50.999952,10.474129
236,51.011229,10.879818
237,50.940929,10.914596
238,51.042007,10.509925
239,51.098581,10.529049
240,51.056597,10.422876
241,51.195063,10.367555
242,50.736483,10.015407
243,49.976373,10.090763
244,49.758742,10.365391
245,50.218540,10.650872
246,50.055366,11.270447
247,49.828443,11.440093
248,50.176692,11.185274
249,50.182440,11.091033
250,50.238640,11.229408
251,50.112987,11.136384
252,50.393941,11.004981
253,50.518813,10.924140
254,50.917409,11.006953
255,50.953660,11.317352
256,51.079443,11.427567
257,51.429402,11.215827
258,51.519585,11.201600
259,51.876080,10.721574
260,52.074267,10.043762
261,52.281985,10.064338
262,52.450159,9.958819
263,52.383934,9.241855
264,52.017337,8.686418
265,51.725371,8.708480
266,51.558613,8.579378
267,51.619522,8.873365
268,51.540763,9.381459
269,51.558943,9.356143
270,51.613037,9.037577
271,51.417021,9.225531
272,51.021529,9.421489
273,51.056937,8.754240
274,50.929583,8.968375
275,50.887837,9.421962
276,51.009804,9.511089
277,50.940061,9.492386
278,51.162680,9.262713
279,51.145479,10.225631
280,50.929410,10.637076
281,50.791198,11.304901
282,50.177438,11.127277
283,50.214643,11.160973
284,50.695262,11.685377
285,50.949351,11.953135
286,51.098900,11.932776
287,50.951450,11.901605
288,50.394475,11.412711
289,50.926616,11.420860
290,50.895869,11.601875
291,50.694865,11.162798
292,50.738751,11.188037
293,51.113317,11.573821
294,51.789776,11.523695
295,52.021991,11.786623
296,52.643925,11.763655
297,52.135567,11.008032
298,52.232751,10.191753
299,52.189800,10.662895
300,52.214796,10.222657
301,51.661960,10.403519
302,51.374568,10.201420
303,51.367847,10.630823
304,51.137717,10.571886
305,50.978635,10.676128
306,50.482292,10.922149
307,50.461991,10.980919
308,50.523817,11.018553
309,50.602634,10.759670
310,50.819177,10.827511
311,50.244683,10.468541
312,50.410673,10.068735
313,50.779551,10.513523
314,50.804503,10.526702
315,50.958275,10.685640
316,51.097526,11.007697
317,51.399350,10.943586
318,51.588786,10.829692
319,51.626162,10.773133
320,51.982479,11.121220
321,52.356420,10.843029
322,51.848784,11.098650
323,51.275693,10.834005
324,51.140742,10.873709
325,51.112643,11.018261
326,50.847640,11.057816
327,50.415052,11.078991
328,50.491842,11.243817
329,51.017152,10.774148
330,51.457582,11.186796
331,51.765716,11.100451
332,51.638452,11.008199
333,51.821188,11.395557
334,51.509968,11.387010
335,51.408592,11.267347
336,51.084679,11.306343
337,50.686581,10.832735
338,50.810263,10.418218
339,51.099749,10.579894
340,51.199775,10.368741
341,51.291527,11.376928
342,50.738514,11.940866
343,50.768335,11.674730
344,50.388812,11.669284
345,50.593141,11.137368
346,50.252499,11.227429
347,49.942929,11.850042
348,50.256327,11.679614
349,50.321100,11.888238
350,49.774661,11.768311
351,49.960070,11.942962
352,50.391951,12.197997
353,50.181219,11.818907
354,49.622662,11.151014
355,49.436615,11.201448
356,48.985291,11.653607
357,48.598921,11.114865
358,48.369274,10.929397
359,47.973652,11.104756
360,47.219084,10.861513
361,46.764739,11.213398
362,46.429307,11.397074
363,45.964012,10.990610
364,45.971218,11.231170
365,46.313553,11.008422
366,46.709316,10.558398
367,47.191330,10.356174
368,47.084975,10.221748
369,47.176134,10.100362
370,47.590543,10.066821
371,47.727941,10.137379
372,47.669737,10.175781
373,47.510026,10.180676
374,47.120560,10.622210
375,47.005606,10.921118
376,46.717321,11.252987
377,46.557473,10.814034
378,46.427730,11.070194
379,46.456140,10.446425
380,46.020444,10.285504
381,45.610719,9.822449
382,44.940418,9.544233
383,44.892165,9.800737
384,44.323108,10.038914
385,43.655690,10.049789
386,44.043876,10.111669
387,44.337758,9.938905
388,44.623181,9.510533
389,44.222420,9.443672
390,43.954598,9.407258
391,44.545987,9.790650
392,44.720902,9.686537
393,44.724049,9.766154
394,44.965816,9.830556
395,44.717233,9.927661
396,44.610730,9.522300
397,44.715581,9.427101
398,44.601624,9.101971
399,44.858787,8.752075
400,44.844245,8.868883
401,44.916626,9.066975
402,45.190143,9.372475
403,45.694631,8.989744
404,45.867480,9.360837
405,45.333026,9.305337
406,45.146834,9.196114
407,45.083116,9.271276
408,44.955264,9.230438
409,45.049710,9.467116
410,44.643699,9.125728
411,44.201265,8.896023
412,44.212157,8.534112
413,44.063071,8.485638
414,44.038185,8.982267
415,43.892777,8.568862
416,43.878928,9.084807
417,44.147736,8.758786
418,44.283400,8.308515
419,44.225348,7.892105
420,44.379745,7.995931
421,44.558681,7.718928
422,44.788776,7.325779
423,44.801095,7.294962
424,44.462716,7.751817
425,44.495044,7.686066
426,44.490436,7.755591
427,44.389128,7.608372
428,44.337530,7.251713
429,43.942819,7.214227
430,43.449812,7.342670
431,43.831535,7.395116
432,43.975996,6.729560
433,43.757487,7.087747
434,43.164284,6.678968
435,42.657547,6.430774
436,42.455850,6.105789
437,42.559609,6.601534
438,42.696798,6.870493
439,43.265310,6.717987
440,43.171906,6.482805
441,43.372356,6.434136
442,43.792599,6.263349
443,43.970401,6.270237
444,44.028276,6.659312
445,44.159400,7.012045
446,44.686859,6.815327
447,44.881417,6.360233
448,45.262207,6.897959
449,45.804046,7.013347
450,45.982734,6.506574
451,46.097627,6.734302
452,46.217947,6.497841
453,46.140167,5.910923
454,45.766050,6.417448
455,46.032327,6.836455
456,45.858478,6.822184
457,46.038078,7.173047
458,46.238125,6.536929
459,46.745254,6.029847
460,46.397914,6.435210
461,46.775929,6.844852
462,46.813156,7.137939
463,47.124426,6.731690
464,46.741979,6.489511
465,46.862932,6.350032
466,46.732663,6.061157
467,46.696975,5.877766
468,46.770730,5.588699
469,47.020960,5.221313
470,46.637121,5.459717
471,46.475051,5.022770
472,46.351469,5.178410
473,46.107636,5.095814
474,45.971934,5.310170
475,46.020030,5.376275
476,45.809451,5.748911
477,45.768284,5.565792
478,45.576512,4.744855
479,45.577527,4.495162
480,45.570962,5.414947
481,45.758009,5.278202
482,45.852015,4.877317
483,45.536588,5.131726
484,45.494266,5.736575
485,45.516601,5.899381
486,45.527545,5.773124
487,45.244199,5.945417
488,44.695892,6.276340
489,44.418985,6.618477
490,43.944589,6.139421
491,44.125794,6.249007
492,44.253590,6.468231
493,45.013592,6.596486
494,45.297515,6.692552
495,45.228583,6.640311
496,45.140535,6.866547
497,45.400562,6.831926
498,44.970239,6.128273
499,45.196858,6.098691
500,45.548359,6.458073
501,45.373630,6.509948
502,45.132342,6.167654
503,45.225391,6.116628
504,45.567263,5.888617
505,45.525781,5.706697
506,45.110456,5.545968
507,45.019774,5.606236
508,45.207773,5.673442
509,45.339609,5.473579
510,45.351744,5.011958
511,45.470995,4.840099
512,45.716333,5.061285
513,45.718082,4.917071
514,46.172444,4.903832
515,46.150352,4.915619
516,46.025001,4.851343
517,46.293652,4.719979
518,46.707191,4.407884
519,46.991202,4.692680
520,47.302469,5.150548
521,47.422590,5.386703
522,47.217394,5.684387
523,47.237246,5.678519
524,47.336938,5.952743
525,47.635196,6.195353
526,47.667040,5.940971
527,47.915688,5.339211
528,47.944994,4.420407
529,48.274997,4.554460
530,48.562622,4.372316
531,48.644527,4.800753
532,49.221575,4.599602
533,49.347708,4.705801
534,49.572553,4.528798
535,50.006658,4.795605
536,49.845667,5.114158
537,50.066064,5.126040
538,49.971449,5.322079
539,50.418207,4.878642
540,50.227055,4.743968
541,50.549598,4.506837
542,50.609230,4.547453
543,50.950202,4.778934
544,50.545808,4.868402
545,50.190881,4.280671
546,50.791806,4.038158
547,51.223173,3.728819
548,51.427325,4.320770
549,51.951861,3.974771
550,52.470354,3.994240
551,52.432597,3.991162
552,52.884248,3.495889
553,53.003269,3.012501
554,53.162236,2.697318
555,53.104346,2.745227
556,53.568487,2.843349
557,53.899255,2.901314
558,53.892455,2.798872
559,53.429406,2.657580
560,53.340426,2.525236
561,53.407984,2.756955
562,53.518583,2.737704
563,53.176374,2.665279
564,52.617177,2.222118
565,52.809632,1.930552
566,52.908503,1.986198
567,53.077443,1.402486
568,53.533387,1.962792
569,53.767366,1.677779
570,54.146972,1.891389
571,53.761929,1.678784
572,53.848132,1.856164
573,54.055496,1.627429
574,53.889457,1.698585
575,53.750107,1.358065
576,53.305627,1.325067
577,53.193076,1.071435
578,53.539283,1.174924
579,53.167847,1.355293
580,52.752538,1.672848
581,52.183339,1.714329
582,52.010716,2.090285
583,51.709341,2.108847
584,51.581641,1.876006
585,51.484344,1.730015
586,51.647074,1.781753
587,51.584357,1.719580
588,51.159391,1.853256
589,51.266562,2.041947
590,51.112018,2.315036
591,51.174762,2.696712
592,51.361707,2.953168
593,50.905848,2.895418
594,50.388730,2.543009
595,49.734981,2.522063
596,49.683258,2.501152
597,49.999385,2.909034
598,50.261642,2.813507
599,50.810836,2.391932
600,50.751392,2.105823
601,50.544066,2.111939
602,50.401669,2.130185
603,50.262310,2.412562
604,50.331731,2.064048
605,50.353187,1.581045
606,50.278039,1.299613
607,50.342520,0.852582
608,50.526471,1.252703
609,50.923126,1.336105
610,50.509963,0.970052
611,50.582457,0.798851
612,51.227738,0.760818
613,51.435467,0.815199
614,51.575631,1.088901
615,51.861163,1.329203
616,51.987354,1.739254
617,52.323624,2.040570
618,52.319107,2.284263
619,52.198037,2.319766
620,52.379579,2.588116
621,52.152687,2.874290
622,51.736435,3.113070
623,51.866172,2.601986
624,51.899215,2.592658
625,52.075011,2.460568
626,52.279571,2.305157
627,52.536193,2.621374
628,52.443444,2.538085
629,52.632328,2.041791
630,53.254989,2.288901
631,53.576645,2.365189
632,54.134142,2.573822
633,54.134274,2.845907
634,54.140672,2.750659
635,53.523159,2.518104
636,53.049934,2.529969
637,53.560101,2.369703
638,53.674791,1.886362
639,53.157143,2.330264
640,53.357809,2.113996
641,53.260124,2.437188
642,52.957967,2.702832
643,52.989866,2.406389
644,53.027024,2.813026
645,53.287311,2.664226
646,53.152807,2.478574
647,53.019562,2.204651
648,52.926896,2.352917
649,52.842733,2.441068
650,53.130877,2.467739
651,53.246004,2.397005
652,53.023489,2.341494
653,52.611735,2.478490
654,51.930975,2.496642
655,51.309909,2.206163
656,51.419088,2.513892
657,51.958343,2.560632
658,52.185277,2.963090
659,52.278822,2.963424
660,52.288286,3.135946
661,52.338850,3.001625
662,52.764853,2.963176
663,52.634769,2.724883
664,52.418543,2.931072
665,52.113508,2.966661
666,51.956675,3.152175
667,52.137957,3.833584
668,51.855253,3.592967
669,52.137198,3.431475
670,52.166764,2.849586
671,52.270433,3.455148
672,52.423656,3.820692
673,53.073136,4.252124
674,53.397405,3.965101
675,53.152294,4.134977
676,53.412059,4.153995
677,53.262387,4.253424
678,53.251655,3.911632
679,53.689603,4.348653
680,53.647480,4.520841
681,53.010730,4.656313
682,52.739132,4.616959
683,53.135691,5.292088
684,52.549689,5.541517
685,52.163543,5.732329
686,52.379834,5.528914
687,52.232566,5.602245
688,52.236631,5.237248
689,52.005487,5.247067
690,51.928841,4.746791
691,51.471278,4.961930
692,51.730337,4.571391
693,51.759079,4.326723
694,52.058576,3.650025
695,51.921317,3.569563
696,51.320549,3.296244
697,51.043118,3.474448
698,51.074813,3.550723
699,51.133818,3.539030
700,51.244833,3.796270
701,51.454125,3.640229
702,52.016202,3.538599
703,51.943935,3.541729
704,52.475482,3.318478
705,52.694582,3.379988
706,52.345484,3.922355
707,52.034030,3.817471
708,51.820226,4.111330
709,51.739160,4.105953
710,52.421004,4.091432
711,52.320369,4.285905
712,51.916837,3.916921
713,52.618890,4.205478
714,53.195934,3.690127
715,53.225024,3.730591
716,53.332315,3.291366
717,53.235115,3.226062
718,53.313461,3.117695
719,53.324856,2.787714
720,53.144616,2.496680
721,53.189402,2.588924
722,53.310556,2.923350
723,53.788897,3.044108
724,53.707600,3.078343
725,53.498865,3.191493
726,53.463627,3.333519
727,54.097379,3.420028
728,54.469706,3.213948
729,54.359517,2.835923
730,54.190074,2.611287
731,53.865535,2.373990
732,53.536779,2.704260
733,53.567815,3.121499
734,53.313465,3.556823
735,53.487707,3.935690
736,53.819265,3.754317
737,53.813754,3.629473
738,53.990657,3.558812
739,53.638408,3.706613
740,53.352581,4.102212
741,53.769410,3.964460
742,54.271968,3.885224
743,54.643035,3.798601
744,54.831113,4.743332
745,54.443602,5.046539
746,54.018092,4.705638
747,53.708053,4.708118
748,53.465461,4.475669
749,53.681149,4.411870
750,53.731827,4.222918
751,54.188933,4.269557
752,54.066048,4.309993
753,54.446989,4.236410
754,54.262065,4.622520
755,53.954743,4.944014
756,54.191855,4.714083
757,53.722020,4.373613
758,53.444878,4.567033
759,53.039934,4.732488
760,52.839626,4.596337
761,53.137915,4.517121
762,53.123643,4.474351
763,53.050338,4.905531
764,52.720439,5.141481
765,52.539679,5.348546
766,51.910378,5.780228
767,51.992285,5.844239
768,51.875841,6.365181
769,51.999995,6.357247
770,52.407687,6.224462
771,52.636545,6.195674
772,52.824096,6.544107
773,52.871665,6.834845
774,52.907278,6.644765
775,52.917381,6.709814
776,53.102171,6.449569
777,53.533895,6.634957
778,53.740155,6.714377
779,53.923913,6.126755
780,53.920586,6.072178
781,52.999251,6.141099
782,52.716649,6.441749
783,53.119252,5.842526
784,52.840612,5.804423
785,52.660696,6.037417
786,53.058218,5.912925
787,52.432048,5.608157
788,51.908328,5.623673
789,51.594242,5.628341
790,51.367317,5.756941
791,51.690601,5.811910
792,51.574125,5.736754
793,51.761338,5.218858
794,51.754982,5.664979
795,51.748282,5.885291
796,51.898236,5.567534
797,52.098575,5.522554
798,51.777208,5.667549
799,51.571172,5.465676
800,51.599081,5.613852
801,51.229514,5.066384
802,51.096509,5.145090
803,50.756326,5.080893
804,50.600659,5.449120
805,49.972855,5.699852
806,50.029640,5.982537
807,50.254878,6.236578
808,50.335950,6.375177
809,49.903190,6.472391
810,49.726714,6.474123
811,49.532450,6.393982
812,49.524100,6.805759
813,49.443425,7.572436
814,49.476361,7.685895
815,49.724243,7.459249
816,50.100502,7.433862
817,49.985112,7.009469
818,50.574452,6.547806
819,50.597417,6.762045
820,50.831076,6.584647
821,50.752443,6.952048
822,50.544342,7.071645
823,50.977719,6.968690
824,51.093520,6.737347
825,51.261657,6.326918
826,51.598389,5.790307
827,52.016644,5.707143
828,52.007873,5.519095
829,51.968648,5.366013
830,51.735401,4.628955
831,51.606172,4.548565
832,51.342270,4.369456
833,51.139963,3.847185
834,51.231402,3.838945
835,51.556321,3.978759
836,51.861261,3.629182
837,51.658033,2.829760
838,51.793302,2.647659
839,51.658580,2.526777
840,51.231324,2.586625
841,51.556974,2.833448
842,52.041459,2.660576
843,52.375486,2.507526
844,52.420452,2.974908
845,52.489198,2.769270
846,52.293771,2.902508
847,52.651928,3.003773
848,52.432505,3.088375
849,52.524365,2.896137
850,52.696053,2.601428
851,52.684759,2.909685
852,53.020440,2.992977
853,52.637325,2.517650
854,52.892575,2.463431
855,52.683501,2.501923
856,52.502130,2.371116
857,52.624301,2.024205
858,52.685880,2.136259
859,52.223525,2.349358
860,52.277419,2.362848
861,51.807612,2.828560
862,51.240151,3.845960
863,50.563225,3.742160
864,50.594321,3.315057
865,50.580660,2.875751
866,50.320689,2.907831
867,50.018882,3.035565
868,49.983471,3.074105
869,49.944048,2.838263
870,49.998664,2.330812
871,50.159795,2.284093
872,49.915040,2.739965
873,49.980683,2.543902
874,50.330927,2.306386
875,50.462193,2.335760
876,49.980264,2.599901
877,49.987181,2.249222
878,50.085386,2.579619
879,50.083614,2.767732
880,49.812483,3.018774
881,49.994879,3.280182
882,50.432464,3.591801
883,50.205505,4.075864
884,50.002680,4.394510
885,49.995807,4.804603
886,49.764570,4.817879
887,49.350729,5.147801
888,49.297094,4.879214
889,49.608134,4.913892
890,49.978071,4.486236
891,50.048623,4.629132
892,49.727640,4.410391
893,49.702224,4.342014
894,49.746658,4.179286
895,50.045716,4.525753
896,50.806408,4.765016
897,50.749794,4.886506
898,50.839939,4.755154
899,50.614050,4.296978
900,50.697754,3.485000
901,50.269943,3.858347
902,50.142575,3.466354
903,49.771249,3.478586
904,49.808811,3.545865
905,49.812197,3.757255
906,50.108755,3.665224
907,50.267256,3.478461
908,50.622800,3.313287
909,50.939765,3.560198
910,50.977869,3.492308
911,51.326457,3.593325
912,51.438600,3.730034
913,51.513307,3.741746
914,51.485813,3.831583
915,51.435187,3.810239
916,51.779052,3.466734
917,51.527273,3.913107
918,51.502836,3.949885
919,51.976606,3.735923
920,51.838272,3.419702
921,51.451691,3.656383
922,51.478360,3.548154
923,51.427605,3.296472
924,50.964361,3.708081
925,50.258464,3.654791
926,50.152776,4.001166
927,50.094914,3.995743
928,50.097586,3.445496
929,50.502624,3.147181
930,50.597324,2.887490
931,50.419582,2.553996
932,50.040508,2.252789
933,50.103293,2.825206
934,50.459921,2.619524
935,50.717702,2.308222
936,50.803078,2.542920
937,50.389576,2.833346
938,49.866155,2.924964
939,50.065857,2.247014
940,50.106665,2.191016
941,50.239343,2.520417
942,49.962175,2.286030
943,49.777808,2.808049
944,50.421001,2.046248
945,50.535304,1.811043
946,50.452746,1.848304
947,50.466920,1.873711
948,50.439193,1.458266
949,50.206833,1.367075
950,50.115994,1.158005
951,49.956239,0.959340
952,49.913716,1.055058
953,49.905636,1.344663
954,49.721311,1.567793
955,49.943710,1.540603
956,49.879666,0.970000
957,50.503393,0.920686
958,50.524856,1.485809
959,50.594846,1.688353
960,50.601373,1.782416
961,50.576814,2.079840
962,50.626839,1.665576
963,50.365515,1.911383
964,50.200528,1.399178
965,50.270599,1.127299
966,49.996753,1.080528
967,49.957305,1.497962
968,50.120819,2.055335
969,50.113751,1.657120
970,49.857323,2.245463
971,49.322154,2.405524
972,48.641646,2.729519
973,48.811245,3.035328
974,48.231228,3.080100
975,48.244861,3.400743
976,48.457704,3.250326
977,48.342702,2.439274
978,48.855498,2.385831
979,48.573281,2.222903
980,48.892600,1.660550
981,49.097611,1.984640
982,49.110138,2.525017
983,49.263561,3.134785
984,49.582360,2.840541
985,49.457003,3.437799
986,50.104019,3.541844
987,50.164985,3.157004
988,50.296333,3.618340
989,50.007769,3.002542
990,49.833430,3.300260
991,49.456565,3.166361
992,49.450265,3.123764
993,49.279274,3.165728
994,49.368755,3.251696
995,49.776793,3.028679
996,49.662013,2.928595
997,49.458808,3.631599
998,49.500209,3.747408
999,49.924223,3.815233
1000,50.049601,4.180585
